G3dErrFileVersion 2018P3.1
FlagFileMetaData Begin
   Mesh Size - 2D_2, Refinement, Pass #1, Freq. 6.000000e+09 :Title    
   Listing of mesh elements with small segments. :ToolTip  
   hf3d :Author   
   1635238747 :TimeStamp
FlagFileMetaData End
BEGIN_ERR 
26 Small mesh segment detected on body : Box1
 Small mesh segment detected on body : Box1 
 Segment Statistics - Number of Segments : 1 --- Segment length(s) : 3.823206mm. The cutoff frequency for S-Matrix Only Solve is 13.1142807524059MHz 
2 -1  8  # nfids, fids[]
2 6  -1  # nbids, bids[]
      4 2 1 0 #ntets ntri ned npts
           1.4287500000000000e+01   2.5400000000000000e+00   0.0000000000000000e+00 #xyz tv0
           1.4700381638272528e+01   5.2066334094539517e+00   6.1044584783067712e+00 #xyz tv1
           1.7145000000000000e+01   5.0800000000000001e+00   0.0000000000000000e+00 #xyz tv2
           1.7145000000000000e+01   0.0000000000000000e+00   0.0000000000000000e+00 -1 6 #xyz tv3 fid bid
           1.4287500000000000e+01   2.5400000000000000e+00   0.0000000000000000e+00 #xyz tv0
           1.7145000000000000e+01   5.0800000000000001e+00   0.0000000000000000e+00 #xyz tv1
           2.4003000000000000e+01   1.0668000000000001e+01  -1.0000000000000000e+01 #xyz tv2
           1.7145000000000000e+01   0.0000000000000000e+00   0.0000000000000000e+00 -1 6 #xyz tv3 fid bid
           1.4287500000000000e+01   2.5400000000000000e+00   0.0000000000000000e+00 #xyz tv0
           1.7145000000000000e+01   5.0800000000000001e+00   0.0000000000000000e+00 #xyz tv1
           1.4700381638272528e+01   5.2066334094539517e+00   6.1044584783067712e+00 #xyz tv2
           1.1430000000000000e+01   5.0800000000000001e+00   0.0000000000000000e+00 -1 6 #xyz tv3 fid bid
           1.4287500000000000e+01   2.5400000000000000e+00   0.0000000000000000e+00 #xyz tv0
           2.4003000000000000e+01   1.0668000000000001e+01  -1.0000000000000000e+01 #xyz tv1
           1.7145000000000000e+01   5.0800000000000001e+00   0.0000000000000000e+00 #xyz tv2
           1.1430000000000000e+01   5.0800000000000001e+00   0.0000000000000000e+00 -1 6 #xyz tv3 fid bid
           1.7145000000000000e+01   0.0000000000000000e+00   0.0000000000000000e+00 #xyz tv0
           1.4287500000000000e+01   2.5400000000000000e+00   0.0000000000000000e+00 #xyz tv1
           1.7145000000000000e+01   5.0800000000000001e+00   0.0000000000000000e+00 8 -1 #xyz tv2 fid bid
           1.4287500000000000e+01   2.5400000000000000e+00   0.0000000000000000e+00 #xyz tv0
           1.1430000000000000e+01   5.0800000000000001e+00   0.0000000000000000e+00 #xyz tv1
           1.7145000000000000e+01   5.0800000000000001e+00   0.0000000000000000e+00 8 -1 #xyz tv2 fid bid
           1.4287500000000000e+01   2.5400000000000000e+00   0.0000000000000000e+00 #xyz ev0
           1.7145000000000000e+01   5.0800000000000001e+00   0.0000000000000000e+00 -1 6 #xyz ev1 fid bid
   0   0.000000000000e+00   0.000000000000e+00   0.000000000000e+00 #flag location
END_ERR 
G3dErrFileVersion 2018P3.1
FlagFileMetaData Begin
   Mesh Size - 2D_2, Refinement, Pass #2, Freq. 6.000000e+09 :Title    
   Listing of mesh elements with small segments. :ToolTip  
   hf3d :Author   
   1635238748 :TimeStamp
FlagFileMetaData End
BEGIN_ERR 
26 Small mesh segment detected on body : Box1
 Small mesh segment detected on body : Box1 
 Segment Statistics - Number of Segments : 1 --- Segment length(s) : 2.914263mm. The cutoff frequency for S-Matrix Only Solve is 13.1142807524059MHz 
2 -1  8  # nfids, fids[]
2 6  -1  # nbids, bids[]
      4 2 1 0 #ntets ntri ned npts
           0.0000000000000000e+00   1.0160000000000000e+01   5.0000000000000000e+00 #xyz tv0
           0.0000000000000000e+00   8.1160937500000010e+00   0.0000000000000000e+00 #xyz tv1
           1.4287500000000000e+00   7.6200000000000001e+00   0.0000000000000000e+00 #xyz tv2
           0.0000000000000000e+00   1.0160000000000000e+01   0.0000000000000000e+00 -1 6 #xyz tv3 fid bid
          -1.1430000000000007e+00   1.0668000000000001e+01  -1.0000000000000000e+01 #xyz tv0
           1.4287500000000000e+00   7.6200000000000001e+00   0.0000000000000000e+00 #xyz tv1
           0.0000000000000000e+00   8.1160937500000010e+00   0.0000000000000000e+00 #xyz tv2
           0.0000000000000000e+00   1.0160000000000000e+01   0.0000000000000000e+00 -1 6 #xyz tv3 fid bid
           0.0000000000000000e+00   1.0160000000000000e+01   5.0000000000000000e+00 #xyz tv0
           1.4287500000000000e+00   7.6200000000000001e+00   0.0000000000000000e+00 #xyz tv1
           2.8574999999999999e+00   1.0160000000000000e+01   0.0000000000000000e+00 #xyz tv2
           0.0000000000000000e+00   1.0160000000000000e+01   0.0000000000000000e+00 -1 6 #xyz tv3 fid bid
           2.8574999999999999e+00   1.0160000000000000e+01   0.0000000000000000e+00 #xyz tv0
           1.4287500000000000e+00   7.6200000000000001e+00   0.0000000000000000e+00 #xyz tv1
          -1.1430000000000007e+00   1.0668000000000001e+01  -1.0000000000000000e+01 #xyz tv2
           0.0000000000000000e+00   1.0160000000000000e+01   0.0000000000000000e+00 -1 6 #xyz tv3 fid bid
           0.0000000000000000e+00   1.0160000000000000e+01   0.0000000000000000e+00 #xyz tv0
           1.4287500000000000e+00   7.6200000000000001e+00   0.0000000000000000e+00 #xyz tv1
           0.0000000000000000e+00   8.1160937500000010e+00   0.0000000000000000e+00 8 -1 #xyz tv2 fid bid
           2.8574999999999999e+00   1.0160000000000000e+01   0.0000000000000000e+00 #xyz tv0
           1.4287500000000000e+00   7.6200000000000001e+00   0.0000000000000000e+00 #xyz tv1
           0.0000000000000000e+00   1.0160000000000000e+01   0.0000000000000000e+00 8 -1 #xyz tv2 fid bid
           0.0000000000000000e+00   1.0160000000000000e+01   0.0000000000000000e+00 #xyz ev0
           1.4287500000000000e+00   7.6200000000000001e+00   0.0000000000000000e+00 -1 6 #xyz ev1 fid bid
   0   0.000000000000e+00   0.000000000000e+00   0.000000000000e+00 #flag location
END_ERR 
G3dErrFileVersion 2018P3.1
FlagFileMetaData Begin
   Mesh Size - 3D, Refinement, Pass #1, Freq. 1.150000e+10 :Title    
   Listing of mesh elements with small segments. :ToolTip  
   hf3d :Author   
   1635238755 :TimeStamp
FlagFileMetaData End
BEGIN_ERR 
26 Small mesh segment detected on body : Box1
 Small mesh segment detected on body : Box1 
 Segment Statistics - Number of Segments : 1 --- Segment length(s) : 4.930983mm. The cutoff frequency for S-Matrix Only Solve is 13.1142807524059MHz 
2 -1  8  # nfids, fids[]
2 6  -1  # nbids, bids[]
      5 2 1 0 #ntets ntri ned npts
           8.7830600905632590e+00   2.9012819533358454e+00   2.7337346883723730e+00 #xyz tv0
           8.5724999999999998e+00   7.6200000000000001e+00   0.0000000000000000e+00 #xyz tv1
           8.7370662122672407e+00   7.2565427460001244e+00   2.5646047280617168e+00 #xyz tv2
           5.2614285714285716e+00   3.9660435038212816e+00   0.0000000000000000e+00 -1 6 #xyz tv3 fid bid
           5.4882142857142853e+00   7.0630217519106413e+00   0.0000000000000000e+00 #xyz tv0
           8.5724999999999998e+00   7.6200000000000001e+00   0.0000000000000000e+00 #xyz tv1
           1.1430000000000000e+01   5.0800000000000001e+00  -1.0000000000000000e+01 #xyz tv2
           5.2614285714285716e+00   3.9660435038212816e+00   0.0000000000000000e+00 -1 6 #xyz tv3 fid bid
           8.4591071428571425e+00   4.8015108759553202e+00   0.0000000000000000e+00 #xyz tv0
           5.2614285714285716e+00   3.9660435038212816e+00   0.0000000000000000e+00 #xyz tv1
           1.1430000000000000e+01   5.0800000000000001e+00  -1.0000000000000000e+01 #xyz tv2
           8.5724999999999998e+00   7.6200000000000001e+00   0.0000000000000000e+00 -1 6 #xyz tv3 fid bid
           5.4882142857142853e+00   7.0630217519106413e+00   0.0000000000000000e+00 #xyz tv0
           8.7370662122672407e+00   7.2565427460001244e+00   2.5646047280617168e+00 #xyz tv1
           8.5724999999999998e+00   7.6200000000000001e+00   0.0000000000000000e+00 #xyz tv2
           5.2614285714285716e+00   3.9660435038212816e+00   0.0000000000000000e+00 -1 6 #xyz tv3 fid bid
           8.4591071428571425e+00   4.8015108759553202e+00   0.0000000000000000e+00 #xyz tv0
           8.7830600905632590e+00   2.9012819533358454e+00   2.7337346883723730e+00 #xyz tv1
           5.2614285714285716e+00   3.9660435038212816e+00   0.0000000000000000e+00 #xyz tv2
           8.5724999999999998e+00   7.6200000000000001e+00   0.0000000000000000e+00 -1 6 #xyz tv3 fid bid
           5.2614285714285716e+00   3.9660435038212816e+00   0.0000000000000000e+00 #xyz tv0
           5.4882142857142853e+00   7.0630217519106413e+00   0.0000000000000000e+00 #xyz tv1
           8.5724999999999998e+00   7.6200000000000001e+00   0.0000000000000000e+00 8 -1 #xyz tv2 fid bid
           8.5724999999999998e+00   7.6200000000000001e+00   0.0000000000000000e+00 #xyz tv0
           8.4591071428571425e+00   4.8015108759553202e+00   0.0000000000000000e+00 #xyz tv1
           5.2614285714285716e+00   3.9660435038212816e+00   0.0000000000000000e+00 8 -1 #xyz tv2 fid bid
           8.5724999999999998e+00   7.6200000000000001e+00   0.0000000000000000e+00 #xyz ev0
           5.2614285714285716e+00   3.9660435038212816e+00   0.0000000000000000e+00 -1 6 #xyz ev1 fid bid
   0   0.000000000000e+00   0.000000000000e+00   0.000000000000e+00 #flag location
END_ERR 
G3dErrFileVersion 2018P3.1
FlagFileMetaData Begin
   Mesh Size - 3D, Refinement, Pass #2, Freq. 1.150000e+10 :Title    
   Listing of mesh elements with small segments. :ToolTip  
   hf3d :Author   
   1635238757 :TimeStamp
FlagFileMetaData End
BEGIN_ERR 
26 Small mesh segment detected on body : Box1
 Small mesh segment detected on body : Box1 
 Segment Statistics - Number of Segments : 1 --- Segment length(s) : 3.078907mm. The cutoff frequency for S-Matrix Only Solve is 13.1142807524059MHz 
2 -1  8  # nfids, fids[]
2 6  -1  # nbids, bids[]
      4 2 1 0 #ntets ntri ned npts
           1.7343437500000000e+01   1.0160000000000000e+01   5.0451094803444789e+00 #xyz tv0
           1.6821376024308201e+01   7.0981484875811596e+00   0.0000000000000000e+00 #xyz tv1
           1.8573749999999997e+01   8.5513333333333339e+00   0.0000000000000000e+00 #xyz tv2
           1.7145000000000000e+01   1.0160000000000000e+01   0.0000000000000000e+00 -1 6 #xyz tv3 fid bid
           1.4287500000000000e+01   1.0160000000000000e+01   0.0000000000000000e+00 #xyz tv0
           1.1367566172839508e+01   1.0668000000000001e+01  -2.1499690218737193e+00 #xyz tv1
           1.6821376024308201e+01   7.0981484875811596e+00   0.0000000000000000e+00 #xyz tv2
           1.7145000000000000e+01   1.0160000000000000e+01   0.0000000000000000e+00 -1 6 #xyz tv3 fid bid
           1.4287500000000000e+01   1.0160000000000000e+01   0.0000000000000000e+00 #xyz tv0
           1.6821376024308201e+01   7.0981484875811596e+00   0.0000000000000000e+00 #xyz tv1
           1.7343437500000000e+01   1.0160000000000000e+01   5.0451094803444789e+00 #xyz tv2
           1.7145000000000000e+01   1.0160000000000000e+01   0.0000000000000000e+00 -1 6 #xyz tv3 fid bid
           1.8573749999999997e+01   8.5513333333333339e+00   0.0000000000000000e+00 #xyz tv0
           1.1367566172839508e+01   1.0668000000000001e+01  -2.1499690218737193e+00 #xyz tv1
           1.7145000000000000e+01   1.0160000000000000e+01   0.0000000000000000e+00 #xyz tv2
           1.6821376024308201e+01   7.0981484875811596e+00   0.0000000000000000e+00 -1 6 #xyz tv3 fid bid
           1.4287500000000000e+01   1.0160000000000000e+01   0.0000000000000000e+00 #xyz tv0
           1.7145000000000000e+01   1.0160000000000000e+01   0.0000000000000000e+00 #xyz tv1
           1.6821376024308201e+01   7.0981484875811596e+00   0.0000000000000000e+00 8 -1 #xyz tv2 fid bid
           1.8573749999999997e+01   8.5513333333333339e+00   0.0000000000000000e+00 #xyz tv0
           1.6821376024308201e+01   7.0981484875811596e+00   0.0000000000000000e+00 #xyz tv1
           1.7145000000000000e+01   1.0160000000000000e+01   0.0000000000000000e+00 8 -1 #xyz tv2 fid bid
           1.7145000000000000e+01   1.0160000000000000e+01   0.0000000000000000e+00 #xyz ev0
           1.6821376024308201e+01   7.0981484875811596e+00   0.0000000000000000e+00 -1 6 #xyz ev1 fid bid
   0   0.000000000000e+00   0.000000000000e+00   0.000000000000e+00 #flag location
END_ERR 
G3dErrFileVersion 2018P3.1
FlagFileMetaData Begin
   Mesh Size - 3D, Refinement, Pass #2, Freq. 1.150000e+10 :Title    
   Listing of mesh elements with small segments. :ToolTip  
   hf3d :Author   
   1635239074 :TimeStamp
FlagFileMetaData End
BEGIN_ERR 
26 Small mesh segment detected on body : Box1
 Small mesh segment detected on body : Box1 
 Segment Statistics - Number of Segments : 1 --- Segment length(s) : 3.078907mm. The cutoff frequency for S-Matrix Only Solve is 13.1142807524059MHz 
2 -1  8  # nfids, fids[]
2 6  -1  # nbids, bids[]
      4 2 1 0 #ntets ntri ned npts
           1.7343437500000000e+01   1.0160000000000000e+01   5.0451094803444789e+00 #xyz tv0
           1.6821376024308201e+01   7.0981484875811596e+00   0.0000000000000000e+00 #xyz tv1
           1.8573749999999997e+01   8.5513333333333339e+00   0.0000000000000000e+00 #xyz tv2
           1.7145000000000000e+01   1.0160000000000000e+01   0.0000000000000000e+00 -1 6 #xyz tv3 fid bid
           1.4287500000000000e+01   1.0160000000000000e+01   0.0000000000000000e+00 #xyz tv0
           1.1367566172839508e+01   1.0668000000000001e+01  -2.1499690218737193e+00 #xyz tv1
           1.6821376024308201e+01   7.0981484875811596e+00   0.0000000000000000e+00 #xyz tv2
           1.7145000000000000e+01   1.0160000000000000e+01   0.0000000000000000e+00 -1 6 #xyz tv3 fid bid
           1.4287500000000000e+01   1.0160000000000000e+01   0.0000000000000000e+00 #xyz tv0
           1.6821376024308201e+01   7.0981484875811596e+00   0.0000000000000000e+00 #xyz tv1
           1.7343437500000000e+01   1.0160000000000000e+01   5.0451094803444789e+00 #xyz tv2
           1.7145000000000000e+01   1.0160000000000000e+01   0.0000000000000000e+00 -1 6 #xyz tv3 fid bid
           1.8573749999999997e+01   8.5513333333333339e+00   0.0000000000000000e+00 #xyz tv0
           1.1367566172839508e+01   1.0668000000000001e+01  -2.1499690218737193e+00 #xyz tv1
           1.7145000000000000e+01   1.0160000000000000e+01   0.0000000000000000e+00 #xyz tv2
           1.6821376024308201e+01   7.0981484875811596e+00   0.0000000000000000e+00 -1 6 #xyz tv3 fid bid
           1.4287500000000000e+01   1.0160000000000000e+01   0.0000000000000000e+00 #xyz tv0
           1.7145000000000000e+01   1.0160000000000000e+01   0.0000000000000000e+00 #xyz tv1
           1.6821376024308201e+01   7.0981484875811596e+00   0.0000000000000000e+00 8 -1 #xyz tv2 fid bid
           1.8573749999999997e+01   8.5513333333333339e+00   0.0000000000000000e+00 #xyz tv0
           1.6821376024308201e+01   7.0981484875811596e+00   0.0000000000000000e+00 #xyz tv1
           1.7145000000000000e+01   1.0160000000000000e+01   0.0000000000000000e+00 8 -1 #xyz tv2 fid bid
           1.7145000000000000e+01   1.0160000000000000e+01   0.0000000000000000e+00 #xyz ev0
           1.6821376024308201e+01   7.0981484875811596e+00   0.0000000000000000e+00 -1 6 #xyz ev1 fid bid
   0   0.000000000000e+00   0.000000000000e+00   0.000000000000e+00 #flag location
END_ERR 
G3dErrFileVersion 2018P3.1
FlagFileMetaData Begin
   Mesh Size - 3D, Refinement, Pass #3, Freq. 1.150000e+10 :Title    
   Listing of mesh elements with small segments. :ToolTip  
   hf3d :Author   
   1635239075 :TimeStamp
FlagFileMetaData End
BEGIN_ERR 
26 Small mesh segment detected on body : Box1
 Small mesh segment detected on body : Box1 
 Segment Statistics - Number of Segments : 1 --- Segment length(s) : 2.646700mm. The cutoff frequency for S-Matrix Only Solve is 13.1142807524059MHz 
2 -1  8  # nfids, fids[]
2 6  -1  # nbids, bids[]
      6 2 1 0 #ntets ntri ned npts
           1.7247724066338463e+01   2.6447057077102709e+00   0.0000000000000000e+00 #xyz tv0
           1.7145000000000000e+01   0.0000000000000000e+00   0.0000000000000000e+00 #xyz tv1
           1.5312848263332452e+01   0.0000000000000000e+00   3.1804907522448174e+00 #xyz tv2
           1.7845541264693111e+01   0.0000000000000000e+00   5.7048697748055730e+00 -1 6 #xyz tv3 fid bid
           1.7247724066338463e+01   2.6447057077102709e+00   0.0000000000000000e+00 #xyz tv0
           1.5312848263332452e+01   0.0000000000000000e+00   3.1804907522448174e+00 #xyz tv1
           1.7145000000000000e+01   0.0000000000000000e+00   0.0000000000000000e+00 #xyz tv2
           1.5716250000000000e+01   1.3217407407407400e+00   0.0000000000000000e+00 -1 6 #xyz tv3 fid bid
           1.9689181684314029e+01   2.8186161957150975e+00   2.4813952408337361e+00 #xyz tv0
           1.7145000000000000e+01   0.0000000000000000e+00   0.0000000000000000e+00 #xyz tv1
           1.7247724066338463e+01   2.6447057077102709e+00   0.0000000000000000e+00 #xyz tv2
           1.7845541264693111e+01   0.0000000000000000e+00   5.7048697748055730e+00 -1 6 #xyz tv3 fid bid
           1.7247724066338463e+01   2.6447057077102709e+00   0.0000000000000000e+00 #xyz tv0
           1.9060273859010596e+01   1.6698108716644939e+00   0.0000000000000000e+00 #xyz tv1
           1.1430000000000000e+01   5.0800000000000001e+00  -1.0000000000000000e+01 #xyz tv2
           1.7145000000000000e+01   0.0000000000000000e+00   0.0000000000000000e+00 -1 6 #xyz tv3 fid bid
           1.7247724066338463e+01   2.6447057077102709e+00   0.0000000000000000e+00 #xyz tv0
           1.5716250000000000e+01   1.3217407407407400e+00   0.0000000000000000e+00 #xyz tv1
           1.7145000000000000e+01   0.0000000000000000e+00   0.0000000000000000e+00 #xyz tv2
           1.1430000000000000e+01   5.0800000000000001e+00  -1.0000000000000000e+01 -1 6 #xyz tv3 fid bid
           1.7145000000000000e+01   0.0000000000000000e+00   0.0000000000000000e+00 #xyz tv0
           1.7247724066338463e+01   2.6447057077102709e+00   0.0000000000000000e+00 #xyz tv1
           1.9060273859010596e+01   1.6698108716644939e+00   0.0000000000000000e+00 #xyz tv2
           1.9689181684314029e+01   2.8186161957150975e+00   2.4813952408337361e+00 -1 6 #xyz tv3 fid bid
           1.7145000000000000e+01   0.0000000000000000e+00   0.0000000000000000e+00 #xyz tv0
           1.7247724066338463e+01   2.6447057077102709e+00   0.0000000000000000e+00 #xyz tv1
           1.9060273859010596e+01   1.6698108716644939e+00   0.0000000000000000e+00 8 -1 #xyz tv2 fid bid
           1.7247724066338463e+01   2.6447057077102709e+00   0.0000000000000000e+00 #xyz tv0
           1.7145000000000000e+01   0.0000000000000000e+00   0.0000000000000000e+00 #xyz tv1
           1.5716250000000000e+01   1.3217407407407400e+00   0.0000000000000000e+00 8 -1 #xyz tv2 fid bid
           1.7145000000000000e+01   0.0000000000000000e+00   0.0000000000000000e+00 #xyz ev0
           1.7247724066338463e+01   2.6447057077102709e+00   0.0000000000000000e+00 -1 6 #xyz ev1 fid bid
   0   0.000000000000e+00   0.000000000000e+00   0.000000000000e+00 #flag location
END_ERR 
