G3dErrFileVersion 2018P3.1
FlagFileMetaData Begin
   Mesh Size - Setup1, Refinement, Pass #1, Freq. 1.000000e+10 :Title    
   Listing of mesh elements with small segments. :ToolTip  
   hf3d :Author   
   1635240753 :TimeStamp
FlagFileMetaData End
BEGIN_ERR 
26 Small mesh segment detected on body : Cylinder1
 Small mesh segment detected on body : Cylinder1 
 Segment Statistics - Number of Segments : 1 --- Segment length(s) : 1.560766mm. The cutoff frequency for S-Matrix Only Solve is 4.99654096666667MHz 
2 -1  9  # nfids, fids[]
2 6  -1  # nbids, bids[]
      4 2 1 0 #ntets ntri ned npts
          -1.0856135665000000e+01   6.0846333075000008e+00   6.0000000000000000e+01 #xyz tv0
          -8.4202837710471350e+00   4.0670476972573750e+00   5.6112475101027400e+01 #xyz tv1
          -1.1331277409999998e+01   7.5713175049999997e+00   6.0000000000000000e+01 #xyz tv2
          -1.2837306099999999e+01   5.3173862900000000e+00   6.0000000000000000e+01 -1 6 #xyz tv3 fid bid
          -1.0856135665000000e+01   6.0846333075000008e+00   6.0000000000000000e+01 #xyz tv0
          -1.1331277409999998e+01   7.5713175049999997e+00   6.0000000000000000e+01 #xyz tv1
          -8.4202837710471350e+00   4.0670476972573750e+00   5.6112475101027400e+01 #xyz tv2
          -8.8749652299999990e+00   6.8518803250000015e+00   6.0000000000000000e+01 -1 6 #xyz tv3 fid bid
          -1.0856135665000000e+01   6.0846333075000008e+00   6.0000000000000000e+01 #xyz tv0
          -1.1331277409999998e+01   7.5713175049999997e+00   6.0000000000000000e+01 #xyz tv1
          -4.1699999999999999e+00   8.3399999999999999e+00   6.7530000000000015e+01 #xyz tv2
          -1.2837306099999999e+01   5.3173862900000000e+00   6.0000000000000000e+01 -1 6 #xyz tv3 fid bid
          -1.0856135665000000e+01   6.0846333075000008e+00   6.0000000000000000e+01 #xyz tv0
          -4.1699999999999999e+00   8.3399999999999999e+00   6.7530000000000015e+01 #xyz tv1
          -1.1331277409999998e+01   7.5713175049999997e+00   6.0000000000000000e+01 #xyz tv2
          -8.8749652299999990e+00   6.8518803250000015e+00   6.0000000000000000e+01 -1 6 #xyz tv3 fid bid
          -8.8749652299999990e+00   6.8518803250000015e+00   6.0000000000000000e+01 #xyz tv0
          -1.0856135665000000e+01   6.0846333075000008e+00   6.0000000000000000e+01 #xyz tv1
          -1.1331277409999998e+01   7.5713175049999997e+00   6.0000000000000000e+01 9 -1 #xyz tv2 fid bid
          -1.0856135665000000e+01   6.0846333075000008e+00   6.0000000000000000e+01 #xyz tv0
          -1.2837306099999999e+01   5.3173862900000000e+00   6.0000000000000000e+01 #xyz tv1
          -1.1331277409999998e+01   7.5713175049999997e+00   6.0000000000000000e+01 9 -1 #xyz tv2 fid bid
          -1.0856135665000000e+01   6.0846333075000008e+00   6.0000000000000000e+01 #xyz ev0
          -1.1331277409999998e+01   7.5713175049999997e+00   6.0000000000000000e+01 -1 6 #xyz ev1 fid bid
   0   0.000000000000e+00   0.000000000000e+00   0.000000000000e+00 #flag location
END_ERR 
G3dErrFileVersion 2018P3.1
FlagFileMetaData Begin
   Mesh Size - Setup1, Refinement, Pass #2, Freq. 1.000000e+10 :Title    
   Listing of mesh elements with small segments. :ToolTip  
   hf3d :Author   
   1635240755 :TimeStamp
FlagFileMetaData End
BEGIN_ERR 
26 Small mesh segment detected on body : Cylinder1
 Small mesh segment detected on body : Cylinder1 
 Segment Statistics - Number of Segments : 1 --- Segment length(s) : 1.560766mm. The cutoff frequency for S-Matrix Only Solve is 4.99654096666667MHz 
2 -1  9  # nfids, fids[]
2 6  -1  # nbids, bids[]
      4 2 1 0 #ntets ntri ned npts
          -1.0856135665000000e+01   6.0846333075000008e+00   6.0000000000000000e+01 #xyz tv0
          -8.4294312451570796e+00   4.6612642981697689e+00   5.6497624117156761e+01 #xyz tv1
          -1.1331277409999998e+01   7.5713175049999997e+00   6.0000000000000000e+01 #xyz tv2
          -1.2837306099999999e+01   5.3173862900000000e+00   6.0000000000000000e+01 -1 6 #xyz tv3 fid bid
          -1.0856135665000000e+01   6.0846333075000008e+00   6.0000000000000000e+01 #xyz tv0
          -1.1331277409999998e+01   7.5713175049999997e+00   6.0000000000000000e+01 #xyz tv1
          -8.4294312451570796e+00   4.6612642981697689e+00   5.6497624117156761e+01 #xyz tv2
          -8.8749652299999990e+00   6.8518803250000024e+00   6.0000000000000000e+01 -1 6 #xyz tv3 fid bid
          -1.0856135665000000e+01   6.0846333075000008e+00   6.0000000000000000e+01 #xyz tv0
          -1.1331277409999998e+01   7.5713175049999997e+00   6.0000000000000000e+01 #xyz tv1
          -4.1699999999999999e+00   8.3399999999999999e+00   6.7530000000000015e+01 #xyz tv2
          -1.2837306099999999e+01   5.3173862900000000e+00   6.0000000000000000e+01 -1 6 #xyz tv3 fid bid
          -1.0856135665000000e+01   6.0846333075000008e+00   6.0000000000000000e+01 #xyz tv0
          -4.1699999999999999e+00   8.3399999999999999e+00   6.7530000000000015e+01 #xyz tv1
          -1.1331277409999998e+01   7.5713175049999997e+00   6.0000000000000000e+01 #xyz tv2
          -8.8749652299999990e+00   6.8518803250000024e+00   6.0000000000000000e+01 -1 6 #xyz tv3 fid bid
          -8.8749652299999990e+00   6.8518803250000024e+00   6.0000000000000000e+01 #xyz tv0
          -1.0856135665000000e+01   6.0846333075000008e+00   6.0000000000000000e+01 #xyz tv1
          -1.1331277409999998e+01   7.5713175049999997e+00   6.0000000000000000e+01 9 -1 #xyz tv2 fid bid
          -1.0856135665000000e+01   6.0846333075000008e+00   6.0000000000000000e+01 #xyz tv0
          -1.2837306099999999e+01   5.3173862900000000e+00   6.0000000000000000e+01 #xyz tv1
          -1.1331277409999998e+01   7.5713175049999997e+00   6.0000000000000000e+01 9 -1 #xyz tv2 fid bid
          -1.0856135665000000e+01   6.0846333075000008e+00   6.0000000000000000e+01 #xyz ev0
          -1.1331277409999998e+01   7.5713175049999997e+00   6.0000000000000000e+01 -1 6 #xyz ev1 fid bid
   0   0.000000000000e+00   0.000000000000e+00   0.000000000000e+00 #flag location
END_ERR 
