G3dErrFileVersion 2018P3.1
FlagFileMetaData Begin
   Mesh Size - Setup1, Refinement, Pass #1, Freq. 4.900000e+09 :Title    
   Listing of mesh elements with small segments. :ToolTip  
   hf3d :Author   
   1637060190 :TimeStamp
FlagFileMetaData End
BEGIN_ERR 
26 Small mesh segment detected on body : Access_1
 Small mesh segment detected on body : Access_1 
 Segment Statistics - Number of Segments : 1 --- Segment length(s) : 9.071579mm. The cutoff frequency for S-Matrix Only Solve is 2.66103726255992MHz 
2 -1  237  # nfids, fids[]
2 235  -1  # nbids, bids[]
      6 2 1 0 #ntets ntri ned npts
          -5.0487500000000001e+00  -5.6329999999999998e+01  -7.5723750000000010e+00 #xyz tv0
          -5.1032872513717429e+00  -4.8829999999999998e+01  -1.0096500000000001e+01 #xyz tv1
          -5.0487500000000001e+00  -5.6329999999999998e+01  -1.0096500000000001e+01 #xyz tv2
           0.0000000000000000e+00  -5.6329999999999998e+01  -1.0096500000000001e+01 -1 235 #xyz tv3 fid bid
          -5.0487500000000001e+00  -5.6329999999999998e+01  -7.5723750000000010e+00 #xyz tv0
          -1.7096065530178617e+00  -4.8362237850331397e+01  -4.9676251067328394e+00 #xyz tv1
          -5.1032872513717429e+00  -4.8829999999999998e+01  -1.0096500000000001e+01 #xyz tv2
           0.0000000000000000e+00  -5.6329999999999998e+01  -1.0096500000000001e+01 -1 235 #xyz tv3 fid bid
          -5.0487500000000001e+00  -5.6329999999999998e+01  -1.0096500000000001e+01 #xyz tv0
          -5.1032872513717429e+00  -4.8829999999999998e+01  -1.0096500000000001e+01 #xyz tv1
          -2.2214500000000001e+01  -6.1963000000000001e+01  -2.0193000000000001e+01 #xyz tv2
           0.0000000000000000e+00  -5.6329999999999998e+01  -1.0096500000000001e+01 -1 235 #xyz tv3 fid bid
           5.0824536917962195e+00  -4.8829999999999998e+01  -1.0096500000000001e+01 #xyz tv0
          -5.1032872513717429e+00  -4.8829999999999998e+01  -1.0096500000000001e+01 #xyz tv1
          -1.7096065530178617e+00  -4.8362237850331397e+01  -4.9676251067328394e+00 #xyz tv2
           0.0000000000000000e+00  -5.6329999999999998e+01  -1.0096500000000001e+01 -1 235 #xyz tv3 fid bid
          -2.2214500000000001e+01  -6.1963000000000001e+01  -2.0193000000000001e+01 #xyz tv0
           0.0000000000000000e+00  -5.6329999999999998e+01  -1.0096500000000001e+01 #xyz tv1
          -5.1032872513717429e+00  -4.8829999999999998e+01  -1.0096500000000001e+01 #xyz tv2
          -1.8115074965988702e+00  -2.7233929003505231e+01  -2.0193000000000001e+01 -1 235 #xyz tv3 fid bid
           5.0824536917962195e+00  -4.8829999999999998e+01  -1.0096500000000001e+01 #xyz tv0
          -1.8115074965988702e+00  -2.7233929003505231e+01  -2.0193000000000001e+01 #xyz tv1
          -5.1032872513717429e+00  -4.8829999999999998e+01  -1.0096500000000001e+01 #xyz tv2
           0.0000000000000000e+00  -5.6329999999999998e+01  -1.0096500000000001e+01 -1 235 #xyz tv3 fid bid
          -5.1032872513717429e+00  -4.8829999999999998e+01  -1.0096500000000001e+01 #xyz tv0
           5.0824536917962195e+00  -4.8829999999999998e+01  -1.0096500000000001e+01 #xyz tv1
           0.0000000000000000e+00  -5.6329999999999998e+01  -1.0096500000000001e+01 237 -1 #xyz tv2 fid bid
           0.0000000000000000e+00  -5.6329999999999998e+01  -1.0096500000000001e+01 #xyz tv0
          -5.0487500000000001e+00  -5.6329999999999998e+01  -1.0096500000000001e+01 #xyz tv1
          -5.1032872513717429e+00  -4.8829999999999998e+01  -1.0096500000000001e+01 237 -1 #xyz tv2 fid bid
           0.0000000000000000e+00  -5.6329999999999998e+01  -1.0096500000000001e+01 #xyz ev0
          -5.1032872513717429e+00  -4.8829999999999998e+01  -1.0096500000000001e+01 -1 235 #xyz ev1 fid bid
   0   0.000000000000e+00   0.000000000000e+00   0.000000000000e+00 #flag location
END_ERR 
G3dErrFileVersion 2018P3.1
FlagFileMetaData Begin
   Mesh Size - Setup1, Refinement, Pass #1, Freq. 5.950000e+09 :Title    
   Listing of mesh elements with small segments. :ToolTip  
   hf3d :Author   
   1637060190 :TimeStamp
FlagFileMetaData End
BEGIN_ERR 
26 Small mesh segment detected on body : Access_1
 Small mesh segment detected on body : Access_1 
 Segment Statistics - Number of Segments : 1 --- Segment length(s) : 9.071579mm. The cutoff frequency for S-Matrix Only Solve is 2.66103726255992MHz 
2 -1  237  # nfids, fids[]
2 235  -1  # nbids, bids[]
      6 2 1 0 #ntets ntri ned npts
          -5.0487500000000001e+00  -5.6329999999999998e+01  -7.5723750000000010e+00 #xyz tv0
          -5.1032872513717429e+00  -4.8829999999999998e+01  -1.0096500000000001e+01 #xyz tv1
          -5.0487500000000001e+00  -5.6329999999999998e+01  -1.0096500000000001e+01 #xyz tv2
           0.0000000000000000e+00  -5.6329999999999998e+01  -1.0096500000000001e+01 -1 235 #xyz tv3 fid bid
          -5.0487500000000001e+00  -5.6329999999999998e+01  -7.5723750000000010e+00 #xyz tv0
          -1.7096065530178617e+00  -4.8362237850331397e+01  -4.9676251067328394e+00 #xyz tv1
          -5.1032872513717429e+00  -4.8829999999999998e+01  -1.0096500000000001e+01 #xyz tv2
           0.0000000000000000e+00  -5.6329999999999998e+01  -1.0096500000000001e+01 -1 235 #xyz tv3 fid bid
          -5.0487500000000001e+00  -5.6329999999999998e+01  -1.0096500000000001e+01 #xyz tv0
          -5.1032872513717429e+00  -4.8829999999999998e+01  -1.0096500000000001e+01 #xyz tv1
          -2.2214500000000001e+01  -6.1963000000000001e+01  -2.0193000000000001e+01 #xyz tv2
           0.0000000000000000e+00  -5.6329999999999998e+01  -1.0096500000000001e+01 -1 235 #xyz tv3 fid bid
           5.0824536917962195e+00  -4.8829999999999998e+01  -1.0096500000000001e+01 #xyz tv0
          -5.1032872513717429e+00  -4.8829999999999998e+01  -1.0096500000000001e+01 #xyz tv1
          -1.7096065530178617e+00  -4.8362237850331397e+01  -4.9676251067328394e+00 #xyz tv2
           0.0000000000000000e+00  -5.6329999999999998e+01  -1.0096500000000001e+01 -1 235 #xyz tv3 fid bid
          -2.2214500000000001e+01  -6.1963000000000001e+01  -2.0193000000000001e+01 #xyz tv0
           0.0000000000000000e+00  -5.6329999999999998e+01  -1.0096500000000001e+01 #xyz tv1
          -5.1032872513717429e+00  -4.8829999999999998e+01  -1.0096500000000001e+01 #xyz tv2
          -1.8115074965988702e+00  -2.7233929003505231e+01  -2.0193000000000001e+01 -1 235 #xyz tv3 fid bid
           5.0824536917962195e+00  -4.8829999999999998e+01  -1.0096500000000001e+01 #xyz tv0
          -1.8115074965988702e+00  -2.7233929003505231e+01  -2.0193000000000001e+01 #xyz tv1
          -5.1032872513717429e+00  -4.8829999999999998e+01  -1.0096500000000001e+01 #xyz tv2
           0.0000000000000000e+00  -5.6329999999999998e+01  -1.0096500000000001e+01 -1 235 #xyz tv3 fid bid
          -5.1032872513717429e+00  -4.8829999999999998e+01  -1.0096500000000001e+01 #xyz tv0
           5.0824536917962195e+00  -4.8829999999999998e+01  -1.0096500000000001e+01 #xyz tv1
           0.0000000000000000e+00  -5.6329999999999998e+01  -1.0096500000000001e+01 237 -1 #xyz tv2 fid bid
           0.0000000000000000e+00  -5.6329999999999998e+01  -1.0096500000000001e+01 #xyz tv0
          -5.0487500000000001e+00  -5.6329999999999998e+01  -1.0096500000000001e+01 #xyz tv1
          -5.1032872513717429e+00  -4.8829999999999998e+01  -1.0096500000000001e+01 237 -1 #xyz tv2 fid bid
           0.0000000000000000e+00  -5.6329999999999998e+01  -1.0096500000000001e+01 #xyz ev0
          -5.1032872513717429e+00  -4.8829999999999998e+01  -1.0096500000000001e+01 -1 235 #xyz ev1 fid bid
   0   0.000000000000e+00   0.000000000000e+00   0.000000000000e+00 #flag location
END_ERR 
G3dErrFileVersion 2018P3.1
FlagFileMetaData Begin
   Mesh Size - Setup1, Refinement, Pass #2, Freq. 5.950000e+09 :Title    
   Listing of mesh elements with small segments. :ToolTip  
   hf3d :Author   
   1637060192 :TimeStamp
FlagFileMetaData End
BEGIN_ERR 
26 Small mesh segment detected on body : Coupler2_1
 Small mesh segment detected on body : Coupler2_1 
 Segment Statistics - Number of Segments : 1 --- Segment length(s) : 1.488931mm. The cutoff frequency for S-Matrix Only Solve is 2.66103726255992MHz 
1 -1  # nfids, fids[]
1 206  # nbids, bids[]
      6 0 1 0 #ntets ntri ned npts
           4.0171937942504892e+00  -4.1329999999999998e+01  -1.0096500000000001e+01 #xyz tv0
           4.9323806056269888e+00  -4.1329999999999998e+01  -4.5808194444444448e+00 #xyz tv1
           4.9067557171137643e+00  -3.9841363636363639e+01  -4.5956922348484852e+00 #xyz tv2
           1.0375000000000000e+01  -4.1329999999999998e+01  -1.0096500000000001e+01 -1 206 #xyz tv3 fid bid
           4.0171937942504892e+00  -4.1329999999999998e+01  -1.0096500000000001e+01 #xyz tv0
           4.9067557171137643e+00  -3.9841363636363639e+01  -4.5956922348484852e+00 #xyz tv1
           4.9323806056269888e+00  -4.1329999999999998e+01  -4.5808194444444448e+00 #xyz tv2
          -2.7739067077636719e+00  -4.1329999999999998e+01  -1.0096500000000001e+01 -1 206 #xyz tv3 fid bid
           4.9323806056269888e+00  -4.1329999999999998e+01  -4.5808194444444448e+00 #xyz tv0
           1.0375000000000000e+01  -4.1329999999999998e+01   0.0000000000000000e+00 #xyz tv1
           4.9067557171137643e+00  -3.9841363636363639e+01  -4.5956922348484852e+00 #xyz tv2
           1.0375000000000000e+01  -4.1329999999999998e+01  -1.0096500000000001e+01 -1 206 #xyz tv3 fid bid
           4.9323806056269888e+00  -4.1329999999999998e+01  -4.5808194444444448e+00 #xyz tv0
          -2.7739067077636719e+00  -4.1329999999999998e+01  -1.0096500000000001e+01 #xyz tv1
           4.9067557171137643e+00  -3.9841363636363639e+01  -4.5956922348484852e+00 #xyz tv2
           0.0000000000000000e+00  -4.1329999999999998e+01   0.0000000000000000e+00 -1 206 #xyz tv3 fid bid
           4.9067557171137643e+00  -3.9841363636363639e+01  -4.5956922348484852e+00 #xyz tv0
           4.9323806056269888e+00  -4.1329999999999998e+01  -4.5808194444444448e+00 #xyz tv1
           5.1875000000000000e+00  -4.1329999999999998e+01   5.0482500000000003e+00 #xyz tv2
           1.0375000000000000e+01  -4.1329999999999998e+01   0.0000000000000000e+00 -1 206 #xyz tv3 fid bid
           4.9067557171137643e+00  -3.9841363636363639e+01  -4.5956922348484852e+00 #xyz tv0
           5.1875000000000000e+00  -4.1329999999999998e+01   5.0482500000000003e+00 #xyz tv1
           4.9323806056269888e+00  -4.1329999999999998e+01  -4.5808194444444448e+00 #xyz tv2
           0.0000000000000000e+00  -4.1329999999999998e+01   0.0000000000000000e+00 -1 206 #xyz tv3 fid bid
           4.9067557171137643e+00  -3.9841363636363639e+01  -4.5956922348484852e+00 #xyz ev0
           4.9323806056269888e+00  -4.1329999999999998e+01  -4.5808194444444448e+00 -1 206 #xyz ev1 fid bid
   0   0.000000000000e+00   0.000000000000e+00   0.000000000000e+00 #flag location
END_ERR 
