G3dErrFileVersion 2018P3.1
FlagFileMetaData Begin
   Mesh Size - 2D_2, Refinement, Pass #1, Freq. 1.150000e+10 :Title    
   Listing of mesh elements with small segments. :ToolTip  
   hf3d :Author   
   1635232431 :TimeStamp
FlagFileMetaData End
BEGIN_ERR 
26 Small mesh segment detected on body : Box1
 Small mesh segment detected on body : Box1 
 Segment Statistics - Number of Segments : 1 --- Segment length(s) : 4.930983mm. The cutoff frequency for S-Matrix Only Solve is 13.1142807524059MHz 
2 -1  8  # nfids, fids[]
2 6  -1  # nbids, bids[]
      4 2 1 0 #ntets ntri ned npts
           8.3457142857142870e+00   4.5230217519106413e+00   0.0000000000000000e+00 #xyz tv0
           8.5724999999999998e+00   7.6200000000000001e+00   0.0000000000000000e+00 #xyz tv1
           8.7230526731668654e+00   7.1273581245915931e+00   2.4549035224838613e+00 #xyz tv2
           5.2614285714285716e+00   3.9660435038212816e+00   0.0000000000000000e+00 -1 6 #xyz tv3 fid bid
           5.4882142857142853e+00   7.0630217519106413e+00   0.0000000000000000e+00 #xyz tv0
           8.5724999999999998e+00   7.6200000000000001e+00   0.0000000000000000e+00 #xyz tv1
           1.1430000000000000e+01   5.0800000000000001e+00  -1.0000000000000000e+01 #xyz tv2
           5.2614285714285716e+00   3.9660435038212816e+00   0.0000000000000000e+00 -1 6 #xyz tv3 fid bid
           8.3457142857142870e+00   4.5230217519106413e+00   0.0000000000000000e+00 #xyz tv0
           1.1430000000000000e+01   5.0800000000000001e+00  -1.0000000000000000e+01 #xyz tv1
           8.5724999999999998e+00   7.6200000000000001e+00   0.0000000000000000e+00 #xyz tv2
           5.2614285714285716e+00   3.9660435038212816e+00   0.0000000000000000e+00 -1 6 #xyz tv3 fid bid
           5.4882142857142853e+00   7.0630217519106413e+00   0.0000000000000000e+00 #xyz tv0
           8.7230526731668654e+00   7.1273581245915931e+00   2.4549035224838613e+00 #xyz tv1
           8.5724999999999998e+00   7.6200000000000001e+00   0.0000000000000000e+00 #xyz tv2
           5.2614285714285716e+00   3.9660435038212816e+00   0.0000000000000000e+00 -1 6 #xyz tv3 fid bid
           5.2614285714285716e+00   3.9660435038212816e+00   0.0000000000000000e+00 #xyz tv0
           5.4882142857142853e+00   7.0630217519106413e+00   0.0000000000000000e+00 #xyz tv1
           8.5724999999999998e+00   7.6200000000000001e+00   0.0000000000000000e+00 8 -1 #xyz tv2 fid bid
           8.3457142857142870e+00   4.5230217519106413e+00   0.0000000000000000e+00 #xyz tv0
           5.2614285714285716e+00   3.9660435038212816e+00   0.0000000000000000e+00 #xyz tv1
           8.5724999999999998e+00   7.6200000000000001e+00   0.0000000000000000e+00 8 -1 #xyz tv2 fid bid
           8.5724999999999998e+00   7.6200000000000001e+00   0.0000000000000000e+00 #xyz ev0
           5.2614285714285716e+00   3.9660435038212816e+00   0.0000000000000000e+00 -1 6 #xyz ev1 fid bid
   0   0.000000000000e+00   0.000000000000e+00   0.000000000000e+00 #flag location
END_ERR 
G3dErrFileVersion 2018P3.1
FlagFileMetaData Begin
   Mesh Size - 2D_2, Refinement, Pass #2, Freq. 1.150000e+10 :Title    
   Listing of mesh elements with small segments. :ToolTip  
   hf3d :Author   
   1635232433 :TimeStamp
FlagFileMetaData End
BEGIN_ERR 
26 Small mesh segment detected on body : Box1
 Small mesh segment detected on body : Box1 
 Segment Statistics - Number of Segments : 1 --- Segment length(s) : 3.556915mm. The cutoff frequency for S-Matrix Only Solve is 13.1142807524059MHz 
2 -1  8  # nfids, fids[]
2 6  -1  # nbids, bids[]
      6 2 1 0 #ntets ntri ned npts
           1.4287500000000000e+01   1.0160000000000000e+01   0.0000000000000000e+00 #xyz tv0
           1.6553833379100798e+01   7.4185805213939551e+00   0.0000000000000000e+00 #xyz tv1
           1.7171272481463930e+01   6.8165680822621608e+00   5.1067316031883925e+00 #xyz tv2
           1.7123719538750155e+01   1.0160000000000000e+01   5.3942098916507195e+00 -1 6 #xyz tv3 fid bid
           1.4287500000000000e+01   1.0160000000000000e+01   0.0000000000000000e+00 #xyz tv0
           1.1367451193415636e+01   1.0668000000000001e+01  -2.1494964725188117e+00 #xyz tv1
           1.6553833379100798e+01   7.4185805213939551e+00   0.0000000000000000e+00 #xyz tv2
           1.7145000000000000e+01   1.0160000000000000e+01   0.0000000000000000e+00 -1 6 #xyz tv3 fid bid
           1.4189300391368125e+01   8.6446939491974408e+00   0.0000000000000000e+00 #xyz tv0
           1.4287500000000000e+01   1.0160000000000000e+01   0.0000000000000000e+00 #xyz tv1
           1.1367451193415636e+01   1.0668000000000001e+01  -2.1494964725188117e+00 #xyz tv2
           1.6553833379100798e+01   7.4185805213939551e+00   0.0000000000000000e+00 -1 6 #xyz tv3 fid bid
           1.4189300391368125e+01   8.6446939491974408e+00   0.0000000000000000e+00 #xyz tv0
           1.3630101997945001e+01   7.8135716617302231e+00   2.1293613373177633e+00 #xyz tv1
           1.4287500000000000e+01   1.0160000000000000e+01   0.0000000000000000e+00 #xyz tv2
           1.6553833379100798e+01   7.4185805213939551e+00   0.0000000000000000e+00 -1 6 #xyz tv3 fid bid
           1.4287500000000000e+01   1.0160000000000000e+01   0.0000000000000000e+00 #xyz tv0
           1.7171272481463930e+01   6.8165680822621608e+00   5.1067316031883925e+00 #xyz tv1
           1.6553833379100798e+01   7.4185805213939551e+00   0.0000000000000000e+00 #xyz tv2
           1.3630101997945001e+01   7.8135716617302231e+00   2.1293613373177633e+00 -1 6 #xyz tv3 fid bid
           1.4287500000000000e+01   1.0160000000000000e+01   0.0000000000000000e+00 #xyz tv0
           1.6553833379100798e+01   7.4185805213939551e+00   0.0000000000000000e+00 #xyz tv1
           1.7123719538750155e+01   1.0160000000000000e+01   5.3942098916507195e+00 #xyz tv2
           1.7145000000000000e+01   1.0160000000000000e+01   0.0000000000000000e+00 -1 6 #xyz tv3 fid bid
           1.4287500000000000e+01   1.0160000000000000e+01   0.0000000000000000e+00 #xyz tv0
           1.7145000000000000e+01   1.0160000000000000e+01   0.0000000000000000e+00 #xyz tv1
           1.6553833379100798e+01   7.4185805213939551e+00   0.0000000000000000e+00 8 -1 #xyz tv2 fid bid
           1.6553833379100798e+01   7.4185805213939551e+00   0.0000000000000000e+00 #xyz tv0
           1.4189300391368125e+01   8.6446939491974408e+00   0.0000000000000000e+00 #xyz tv1
           1.4287500000000000e+01   1.0160000000000000e+01   0.0000000000000000e+00 8 -1 #xyz tv2 fid bid
           1.6553833379100798e+01   7.4185805213939551e+00   0.0000000000000000e+00 #xyz ev0
           1.4287500000000000e+01   1.0160000000000000e+01   0.0000000000000000e+00 -1 6 #xyz ev1 fid bid
   0   0.000000000000e+00   0.000000000000e+00   0.000000000000e+00 #flag location
END_ERR 
G3dErrFileVersion 2018P3.1
FlagFileMetaData Begin
   Mesh Size - 2D_2, Refinement, Pass #2, Freq. 6.000000e+09 :Title    
   Listing of mesh elements with small segments. :ToolTip  
   hf3d :Author   
   1635235904 :TimeStamp
FlagFileMetaData End
BEGIN_ERR 
26 Small mesh segment detected on body : Box1
 Small mesh segment detected on body : Box1 
 Segment Statistics - Number of Segments : 1 --- Segment length(s) : 3.556915mm. The cutoff frequency for S-Matrix Only Solve is 13.1142807524059MHz 
2 -1  8  # nfids, fids[]
2 6  -1  # nbids, bids[]
      6 2 1 0 #ntets ntri ned npts
           1.4287500000000000e+01   1.0160000000000000e+01   0.0000000000000000e+00 #xyz tv0
           1.6553833379100798e+01   7.4185805213939551e+00   0.0000000000000000e+00 #xyz tv1
           1.7171272481463930e+01   6.8165680822621608e+00   5.1067316031883925e+00 #xyz tv2
           1.7123719538750155e+01   1.0160000000000000e+01   5.3942098916507195e+00 -1 6 #xyz tv3 fid bid
           1.4287500000000000e+01   1.0160000000000000e+01   0.0000000000000000e+00 #xyz tv0
           1.1367451193415636e+01   1.0668000000000001e+01  -2.1494964725188117e+00 #xyz tv1
           1.6553833379100798e+01   7.4185805213939551e+00   0.0000000000000000e+00 #xyz tv2
           1.7145000000000000e+01   1.0160000000000000e+01   0.0000000000000000e+00 -1 6 #xyz tv3 fid bid
           1.4189300391368125e+01   8.6446939491974408e+00   0.0000000000000000e+00 #xyz tv0
           1.4287500000000000e+01   1.0160000000000000e+01   0.0000000000000000e+00 #xyz tv1
           1.1367451193415636e+01   1.0668000000000001e+01  -2.1494964725188117e+00 #xyz tv2
           1.6553833379100798e+01   7.4185805213939551e+00   0.0000000000000000e+00 -1 6 #xyz tv3 fid bid
           1.4189300391368125e+01   8.6446939491974408e+00   0.0000000000000000e+00 #xyz tv0
           1.3630101997945001e+01   7.8135716617302231e+00   2.1293613373177633e+00 #xyz tv1
           1.4287500000000000e+01   1.0160000000000000e+01   0.0000000000000000e+00 #xyz tv2
           1.6553833379100798e+01   7.4185805213939551e+00   0.0000000000000000e+00 -1 6 #xyz tv3 fid bid
           1.4287500000000000e+01   1.0160000000000000e+01   0.0000000000000000e+00 #xyz tv0
           1.7171272481463930e+01   6.8165680822621608e+00   5.1067316031883925e+00 #xyz tv1
           1.6553833379100798e+01   7.4185805213939551e+00   0.0000000000000000e+00 #xyz tv2
           1.3630101997945001e+01   7.8135716617302231e+00   2.1293613373177633e+00 -1 6 #xyz tv3 fid bid
           1.4287500000000000e+01   1.0160000000000000e+01   0.0000000000000000e+00 #xyz tv0
           1.6553833379100798e+01   7.4185805213939551e+00   0.0000000000000000e+00 #xyz tv1
           1.7123719538750155e+01   1.0160000000000000e+01   5.3942098916507195e+00 #xyz tv2
           1.7145000000000000e+01   1.0160000000000000e+01   0.0000000000000000e+00 -1 6 #xyz tv3 fid bid
           1.4287500000000000e+01   1.0160000000000000e+01   0.0000000000000000e+00 #xyz tv0
           1.7145000000000000e+01   1.0160000000000000e+01   0.0000000000000000e+00 #xyz tv1
           1.6553833379100798e+01   7.4185805213939551e+00   0.0000000000000000e+00 8 -1 #xyz tv2 fid bid
           1.6553833379100798e+01   7.4185805213939551e+00   0.0000000000000000e+00 #xyz tv0
           1.4189300391368125e+01   8.6446939491974408e+00   0.0000000000000000e+00 #xyz tv1
           1.4287500000000000e+01   1.0160000000000000e+01   0.0000000000000000e+00 8 -1 #xyz tv2 fid bid
           1.6553833379100798e+01   7.4185805213939551e+00   0.0000000000000000e+00 #xyz ev0
           1.4287500000000000e+01   1.0160000000000000e+01   0.0000000000000000e+00 -1 6 #xyz ev1 fid bid
   0   0.000000000000e+00   0.000000000000e+00   0.000000000000e+00 #flag location
END_ERR 
G3dErrFileVersion 2018P3.1
FlagFileMetaData Begin
   Mesh Size - 2D_2, Refinement, Pass #3, Freq. 6.000000e+09 :Title    
   Listing of mesh elements with small segments. :ToolTip  
   hf3d :Author   
   1635235905 :TimeStamp
FlagFileMetaData End
BEGIN_ERR 
26 Small mesh segment detected on body : Box1
 Small mesh segment detected on body : Box1 
 Segment Statistics - Number of Segments : 1 --- Segment length(s) : 4.376965mm. The cutoff frequency for S-Matrix Only Solve is 13.1142807524059MHz 
2 -1  8  # nfids, fids[]
2 6  -1  # nbids, bids[]
      4 2 1 0 #ntets ntri ned npts
           8.5383900653239699e+00   4.6062459113643426e+00   0.0000000000000000e+00 #xyz tv0
           8.5724999999999998e+00   7.6200000000000001e+00   0.0000000000000000e+00 #xyz tv1
           8.7183618090507569e+00   6.8798140553606313e+00   2.2148596814968702e+00 #xyz tv2
           5.7399675145447659e+00   4.2831481184459133e+00   0.0000000000000000e+00 -1 6 #xyz tv3 fid bid
           5.4882142857142853e+00   7.0630217519106413e+00   0.0000000000000000e+00 #xyz tv0
           8.5724999999999998e+00   7.6200000000000001e+00   0.0000000000000000e+00 #xyz tv1
           1.1430000000000000e+01   5.0800000000000001e+00  -1.0000000000000000e+01 #xyz tv2
           5.7399675145447659e+00   4.2831481184459133e+00   0.0000000000000000e+00 -1 6 #xyz tv3 fid bid
           8.5383900653239699e+00   4.6062459113643426e+00   0.0000000000000000e+00 #xyz tv0
           1.1430000000000000e+01   5.0800000000000001e+00  -1.0000000000000000e+01 #xyz tv1
           8.5724999999999998e+00   7.6200000000000001e+00   0.0000000000000000e+00 #xyz tv2
           5.7399675145447659e+00   4.2831481184459133e+00   0.0000000000000000e+00 -1 6 #xyz tv3 fid bid
           5.4882142857142853e+00   7.0630217519106413e+00   0.0000000000000000e+00 #xyz tv0
           8.7183618090507569e+00   6.8798140553606313e+00   2.2148596814968702e+00 #xyz tv1
           8.5724999999999998e+00   7.6200000000000001e+00   0.0000000000000000e+00 #xyz tv2
           5.7399675145447659e+00   4.2831481184459133e+00   0.0000000000000000e+00 -1 6 #xyz tv3 fid bid
           5.7399675145447659e+00   4.2831481184459133e+00   0.0000000000000000e+00 #xyz tv0
           5.4882142857142853e+00   7.0630217519106413e+00   0.0000000000000000e+00 #xyz tv1
           8.5724999999999998e+00   7.6200000000000001e+00   0.0000000000000000e+00 8 -1 #xyz tv2 fid bid
           8.5383900653239699e+00   4.6062459113643426e+00   0.0000000000000000e+00 #xyz tv0
           5.7399675145447659e+00   4.2831481184459133e+00   0.0000000000000000e+00 #xyz tv1
           8.5724999999999998e+00   7.6200000000000001e+00   0.0000000000000000e+00 8 -1 #xyz tv2 fid bid
           8.5724999999999998e+00   7.6200000000000001e+00   0.0000000000000000e+00 #xyz ev0
           5.7399675145447659e+00   4.2831481184459133e+00   0.0000000000000000e+00 -1 6 #xyz ev1 fid bid
   0   0.000000000000e+00   0.000000000000e+00   0.000000000000e+00 #flag location
END_ERR 
G3dErrFileVersion 2018P3.1
FlagFileMetaData Begin
   Mesh Size - 3D, Refinement, Pass #1, Freq. 1.150000e+10 :Title    
   Listing of mesh elements with small segments. :ToolTip  
   hf3d :Author   
   1635235913 :TimeStamp
FlagFileMetaData End
BEGIN_ERR 
26 Small mesh segment detected on body : Box1
 Small mesh segment detected on body : Box1 
 Segment Statistics - Number of Segments : 1 --- Segment length(s) : 4.930983mm. The cutoff frequency for S-Matrix Only Solve is 13.1142807524059MHz 
2 -1  8  # nfids, fids[]
2 6  -1  # nbids, bids[]
      4 2 1 0 #ntets ntri ned npts
           8.3457142857142870e+00   4.5230217519106413e+00   0.0000000000000000e+00 #xyz tv0
           8.5724999999999998e+00   7.6200000000000001e+00   0.0000000000000000e+00 #xyz tv1
           8.7230526731668654e+00   7.1273581245915931e+00   2.4549035224838613e+00 #xyz tv2
           5.2614285714285716e+00   3.9660435038212816e+00   0.0000000000000000e+00 -1 6 #xyz tv3 fid bid
           5.4882142857142853e+00   7.0630217519106413e+00   0.0000000000000000e+00 #xyz tv0
           8.5724999999999998e+00   7.6200000000000001e+00   0.0000000000000000e+00 #xyz tv1
           1.1430000000000000e+01   5.0800000000000001e+00  -1.0000000000000000e+01 #xyz tv2
           5.2614285714285716e+00   3.9660435038212816e+00   0.0000000000000000e+00 -1 6 #xyz tv3 fid bid
           8.3457142857142870e+00   4.5230217519106413e+00   0.0000000000000000e+00 #xyz tv0
           1.1430000000000000e+01   5.0800000000000001e+00  -1.0000000000000000e+01 #xyz tv1
           8.5724999999999998e+00   7.6200000000000001e+00   0.0000000000000000e+00 #xyz tv2
           5.2614285714285716e+00   3.9660435038212816e+00   0.0000000000000000e+00 -1 6 #xyz tv3 fid bid
           5.4882142857142853e+00   7.0630217519106413e+00   0.0000000000000000e+00 #xyz tv0
           8.7230526731668654e+00   7.1273581245915931e+00   2.4549035224838613e+00 #xyz tv1
           8.5724999999999998e+00   7.6200000000000001e+00   0.0000000000000000e+00 #xyz tv2
           5.2614285714285716e+00   3.9660435038212816e+00   0.0000000000000000e+00 -1 6 #xyz tv3 fid bid
           5.2614285714285716e+00   3.9660435038212816e+00   0.0000000000000000e+00 #xyz tv0
           5.4882142857142853e+00   7.0630217519106413e+00   0.0000000000000000e+00 #xyz tv1
           8.5724999999999998e+00   7.6200000000000001e+00   0.0000000000000000e+00 8 -1 #xyz tv2 fid bid
           8.3457142857142870e+00   4.5230217519106413e+00   0.0000000000000000e+00 #xyz tv0
           5.2614285714285716e+00   3.9660435038212816e+00   0.0000000000000000e+00 #xyz tv1
           8.5724999999999998e+00   7.6200000000000001e+00   0.0000000000000000e+00 8 -1 #xyz tv2 fid bid
           8.5724999999999998e+00   7.6200000000000001e+00   0.0000000000000000e+00 #xyz ev0
           5.2614285714285716e+00   3.9660435038212816e+00   0.0000000000000000e+00 -1 6 #xyz ev1 fid bid
   0   0.000000000000e+00   0.000000000000e+00   0.000000000000e+00 #flag location
END_ERR 
G3dErrFileVersion 2018P3.1
FlagFileMetaData Begin
   Mesh Size - 3D, Refinement, Pass #2, Freq. 1.150000e+10 :Title    
   Listing of mesh elements with small segments. :ToolTip  
   hf3d :Author   
   1635235915 :TimeStamp
FlagFileMetaData End
BEGIN_ERR 
26 Small mesh segment detected on body : Box1
 Small mesh segment detected on body : Box1 
 Segment Statistics - Number of Segments : 1 --- Segment length(s) : 3.556915mm. The cutoff frequency for S-Matrix Only Solve is 13.1142807524059MHz 
2 -1  8  # nfids, fids[]
2 6  -1  # nbids, bids[]
      6 2 1 0 #ntets ntri ned npts
           1.4287500000000000e+01   1.0160000000000000e+01   0.0000000000000000e+00 #xyz tv0
           1.6553833379100798e+01   7.4185805213939551e+00   0.0000000000000000e+00 #xyz tv1
           1.7171272481463930e+01   6.8165680822621608e+00   5.1067316031883925e+00 #xyz tv2
           1.7123719538750155e+01   1.0160000000000000e+01   5.3942098916507195e+00 -1 6 #xyz tv3 fid bid
           1.4287500000000000e+01   1.0160000000000000e+01   0.0000000000000000e+00 #xyz tv0
           1.1367451193415636e+01   1.0668000000000001e+01  -2.1494964725188117e+00 #xyz tv1
           1.6553833379100798e+01   7.4185805213939551e+00   0.0000000000000000e+00 #xyz tv2
           1.7145000000000000e+01   1.0160000000000000e+01   0.0000000000000000e+00 -1 6 #xyz tv3 fid bid
           1.4189300391368125e+01   8.6446939491974408e+00   0.0000000000000000e+00 #xyz tv0
           1.4287500000000000e+01   1.0160000000000000e+01   0.0000000000000000e+00 #xyz tv1
           1.1367451193415636e+01   1.0668000000000001e+01  -2.1494964725188117e+00 #xyz tv2
           1.6553833379100798e+01   7.4185805213939551e+00   0.0000000000000000e+00 -1 6 #xyz tv3 fid bid
           1.4189300391368125e+01   8.6446939491974408e+00   0.0000000000000000e+00 #xyz tv0
           1.3630101997945001e+01   7.8135716617302231e+00   2.1293613373177633e+00 #xyz tv1
           1.4287500000000000e+01   1.0160000000000000e+01   0.0000000000000000e+00 #xyz tv2
           1.6553833379100798e+01   7.4185805213939551e+00   0.0000000000000000e+00 -1 6 #xyz tv3 fid bid
           1.4287500000000000e+01   1.0160000000000000e+01   0.0000000000000000e+00 #xyz tv0
           1.7171272481463930e+01   6.8165680822621608e+00   5.1067316031883925e+00 #xyz tv1
           1.6553833379100798e+01   7.4185805213939551e+00   0.0000000000000000e+00 #xyz tv2
           1.3630101997945001e+01   7.8135716617302231e+00   2.1293613373177633e+00 -1 6 #xyz tv3 fid bid
           1.4287500000000000e+01   1.0160000000000000e+01   0.0000000000000000e+00 #xyz tv0
           1.6553833379100798e+01   7.4185805213939551e+00   0.0000000000000000e+00 #xyz tv1
           1.7123719538750155e+01   1.0160000000000000e+01   5.3942098916507195e+00 #xyz tv2
           1.7145000000000000e+01   1.0160000000000000e+01   0.0000000000000000e+00 -1 6 #xyz tv3 fid bid
           1.4287500000000000e+01   1.0160000000000000e+01   0.0000000000000000e+00 #xyz tv0
           1.7145000000000000e+01   1.0160000000000000e+01   0.0000000000000000e+00 #xyz tv1
           1.6553833379100798e+01   7.4185805213939551e+00   0.0000000000000000e+00 8 -1 #xyz tv2 fid bid
           1.6553833379100798e+01   7.4185805213939551e+00   0.0000000000000000e+00 #xyz tv0
           1.4189300391368125e+01   8.6446939491974408e+00   0.0000000000000000e+00 #xyz tv1
           1.4287500000000000e+01   1.0160000000000000e+01   0.0000000000000000e+00 8 -1 #xyz tv2 fid bid
           1.6553833379100798e+01   7.4185805213939551e+00   0.0000000000000000e+00 #xyz ev0
           1.4287500000000000e+01   1.0160000000000000e+01   0.0000000000000000e+00 -1 6 #xyz ev1 fid bid
   0   0.000000000000e+00   0.000000000000e+00   0.000000000000e+00 #flag location
END_ERR 
