G3dErrFileVersion 2018P3.1
FlagFileMetaData Begin
   Mesh Size - Part2, Refinement, Pass #1, Freq. 8.200000e+09 :Title    
   Listing of mesh elements with small segments. :ToolTip  
   hf3d :Author   
   1637662309 :TimeStamp
FlagFileMetaData End
BEGIN_ERR 
26 Small mesh segment detected on body : CoaxSubstrate
 Small mesh segment detected on body : CoaxSubstrate 
 Segment Statistics - Number of Segments : 1 --- Segment length(s) : 0.123882mm. The cutoff frequency for S-Matrix Only Solve is 5.99584916MHz 
2 -1  37  # nfids, fids[]
2 34  -1  # nbids, bids[]
      4 2 1 0 #ntets ntri ned npts
          -1.2403082700000001e+00   1.5080000000000002e+01   5.5137525099999998e+00 #xyz tv0
          -5.8666350000000000e-01   1.4247164665800302e+01   5.2430039800000001e+00 #xyz tv1
          -1.2644765200000001e+00   1.5080000000000002e+01   5.3922505200000002e+00 #xyz tv2
          -1.8939530400000002e+00   1.5080000000000002e+01   5.7845010400000003e+00 -1 34 #xyz tv3 fid bid
          -1.2403082700000001e+00   1.5080000000000002e+01   5.5137525099999998e+00 #xyz tv0
          -1.2644765200000001e+00   1.5080000000000002e+01   5.3922505200000002e+00 #xyz tv1
          -4.6556640624999996e+00   1.6556445312500003e+01   4.3449218750000007e+00 #xyz tv2
          -1.8939530400000002e+00   1.5080000000000002e+01   5.7845010400000003e+00 -1 34 #xyz tv3 fid bid
          -1.2403082700000001e+00   1.5080000000000002e+01   5.5137525099999998e+00 #xyz tv0
          -4.6556640624999996e+00   1.6556445312500003e+01   4.3449218750000007e+00 #xyz tv1
          -1.2644765200000001e+00   1.5080000000000002e+01   5.3922505200000002e+00 #xyz tv2
          -5.8666350000000000e-01   1.5080000000000002e+01   5.2430039800000001e+00 -1 34 #xyz tv3 fid bid
          -1.2403082700000001e+00   1.5080000000000002e+01   5.5137525099999998e+00 #xyz tv0
          -1.2644765200000001e+00   1.5080000000000002e+01   5.3922505200000002e+00 #xyz tv1
          -5.8666350000000000e-01   1.4247164665800302e+01   5.2430039800000001e+00 #xyz tv2
          -5.8666350000000000e-01   1.5080000000000002e+01   5.2430039800000001e+00 -1 34 #xyz tv3 fid bid
          -5.8666350000000000e-01   1.5080000000000002e+01   5.2430039800000001e+00 #xyz tv0
          -1.2403082700000001e+00   1.5080000000000002e+01   5.5137525099999998e+00 #xyz tv1
          -1.2644765200000001e+00   1.5080000000000002e+01   5.3922505200000002e+00 37 -1 #xyz tv2 fid bid
          -1.2403082700000001e+00   1.5080000000000002e+01   5.5137525099999998e+00 #xyz tv0
          -1.8939530400000002e+00   1.5080000000000002e+01   5.7845010400000003e+00 #xyz tv1
          -1.2644765200000001e+00   1.5080000000000002e+01   5.3922505200000002e+00 37 -1 #xyz tv2 fid bid
          -1.2403082700000001e+00   1.5080000000000002e+01   5.5137525099999998e+00 #xyz ev0
          -1.2644765200000001e+00   1.5080000000000002e+01   5.3922505200000002e+00 -1 34 #xyz ev1 fid bid
   0   0.000000000000e+00   0.000000000000e+00   0.000000000000e+00 #flag location
END_ERR 
G3dErrFileVersion 2018P3.1
FlagFileMetaData Begin
   Mesh Size - Part2, Refinement, Pass #1, Freq. 1.030000e+10 :Title    
   Listing of mesh elements with small segments. :ToolTip  
   hf3d :Author   
   1637662310 :TimeStamp
FlagFileMetaData End
BEGIN_ERR 
26 Small mesh segment detected on body : CoaxSubstrate
 Small mesh segment detected on body : CoaxSubstrate 
 Segment Statistics - Number of Segments : 1 --- Segment length(s) : 0.123882mm. The cutoff frequency for S-Matrix Only Solve is 5.99584916MHz 
2 -1  37  # nfids, fids[]
2 34  -1  # nbids, bids[]
      4 2 1 0 #ntets ntri ned npts
          -1.2403082700000001e+00   1.5080000000000002e+01   5.5137525099999998e+00 #xyz tv0
          -5.8666350000000000e-01   1.4247164665800302e+01   5.2430039800000001e+00 #xyz tv1
          -1.2644765200000001e+00   1.5080000000000002e+01   5.3922505200000002e+00 #xyz tv2
          -1.8939530400000002e+00   1.5080000000000002e+01   5.7845010400000003e+00 -1 34 #xyz tv3 fid bid
          -1.2403082700000001e+00   1.5080000000000002e+01   5.5137525099999998e+00 #xyz tv0
          -1.2644765200000001e+00   1.5080000000000002e+01   5.3922505200000002e+00 #xyz tv1
          -4.6556640624999996e+00   1.6556445312500003e+01   4.3449218750000007e+00 #xyz tv2
          -1.8939530400000002e+00   1.5080000000000002e+01   5.7845010400000003e+00 -1 34 #xyz tv3 fid bid
          -1.2403082700000001e+00   1.5080000000000002e+01   5.5137525099999998e+00 #xyz tv0
          -4.6556640624999996e+00   1.6556445312500003e+01   4.3449218750000007e+00 #xyz tv1
          -1.2644765200000001e+00   1.5080000000000002e+01   5.3922505200000002e+00 #xyz tv2
          -5.8666350000000000e-01   1.5080000000000002e+01   5.2430039800000001e+00 -1 34 #xyz tv3 fid bid
          -1.2403082700000001e+00   1.5080000000000002e+01   5.5137525099999998e+00 #xyz tv0
          -1.2644765200000001e+00   1.5080000000000002e+01   5.3922505200000002e+00 #xyz tv1
          -5.8666350000000000e-01   1.4247164665800302e+01   5.2430039800000001e+00 #xyz tv2
          -5.8666350000000000e-01   1.5080000000000002e+01   5.2430039800000001e+00 -1 34 #xyz tv3 fid bid
          -5.8666350000000000e-01   1.5080000000000002e+01   5.2430039800000001e+00 #xyz tv0
          -1.2403082700000001e+00   1.5080000000000002e+01   5.5137525099999998e+00 #xyz tv1
          -1.2644765200000001e+00   1.5080000000000002e+01   5.3922505200000002e+00 37 -1 #xyz tv2 fid bid
          -1.2403082700000001e+00   1.5080000000000002e+01   5.5137525099999998e+00 #xyz tv0
          -1.8939530400000002e+00   1.5080000000000002e+01   5.7845010400000003e+00 #xyz tv1
          -1.2644765200000001e+00   1.5080000000000002e+01   5.3922505200000002e+00 37 -1 #xyz tv2 fid bid
          -1.2403082700000001e+00   1.5080000000000002e+01   5.5137525099999998e+00 #xyz ev0
          -1.2644765200000001e+00   1.5080000000000002e+01   5.3922505200000002e+00 -1 34 #xyz ev1 fid bid
   0   0.000000000000e+00   0.000000000000e+00   0.000000000000e+00 #flag location
END_ERR 
G3dErrFileVersion 2018P3.1
FlagFileMetaData Begin
   Mesh Size - Part2, Refinement, Pass #2, Freq. 1.030000e+10 :Title    
   Listing of mesh elements with small segments. :ToolTip  
   hf3d :Author   
   1637662312 :TimeStamp
FlagFileMetaData End
BEGIN_ERR 
26 Small mesh segment detected on body : CoaxSubstrate
 Small mesh segment detected on body : CoaxSubstrate 
 Segment Statistics - Number of Segments : 1 --- Segment length(s) : 0.243004mm. The cutoff frequency for S-Matrix Only Solve is 5.99584916MHz 
2 -1  37  # nfids, fids[]
2 34  -1  # nbids, bids[]
      5 2 1 0 #ntets ntri ned npts
           1.6107414625000001e+00   1.5080000000000000e+01   5.3083784625000021e+00 #xyz tv0
           1.1676527316340981e+00   1.3554089201339769e+01   5.6703897228122608e+00 #xyz tv1
           1.2644765200000001e+00   1.5080000000000002e+01   5.3922505200000002e+00 #xyz tv2
           1.1714829250000001e+00   1.5080000000000002e+01   5.6167569250000007e+00 -1 34 #xyz tv3 fid bid
           1.2644765200000001e+00   1.5080000000000002e+01   5.3922505200000002e+00 #xyz tv0
           1.1676527316340981e+00   1.3554089201339769e+01   5.6703897228122608e+00 #xyz tv1
           4.4901280999999998e-01   1.4491964999999999e+01   5.4490128100000002e+00 #xyz tv2
           1.1714829250000001e+00   1.5080000000000002e+01   5.6167569250000007e+00 -1 34 #xyz tv3 fid bid
           1.1714829250000001e+00   1.5080000000000002e+01   5.6167569250000007e+00 #xyz tv0
           1.6107414625000001e+00   1.5080000000000000e+01   5.3083784625000021e+00 #xyz tv1
           2.2107295844353692e+00   1.6631204737646691e+01   6.5541741695762301e+00 #xyz tv2
           1.2644765200000001e+00   1.5080000000000002e+01   5.3922505200000002e+00 -1 34 #xyz tv3 fid bid
           1.2644765200000001e+00   1.5080000000000002e+01   5.3922505200000002e+00 #xyz tv0
           4.4901280999999998e-01   1.4491964999999999e+01   5.4490128100000002e+00 #xyz tv1
           5.8666350000000000e-01   1.5080000000000002e+01   5.2430039800000001e+00 #xyz tv2
           1.1714829250000001e+00   1.5080000000000002e+01   5.6167569250000007e+00 -1 34 #xyz tv3 fid bid
           1.1714829250000001e+00   1.5080000000000002e+01   5.6167569250000007e+00 #xyz tv0
           1.2644765200000001e+00   1.5080000000000002e+01   5.3922505200000002e+00 #xyz tv1
           2.2107295844353692e+00   1.6631204737646691e+01   6.5541741695762301e+00 #xyz tv2
           5.8666350000000000e-01   1.5080000000000002e+01   5.2430039800000001e+00 -1 34 #xyz tv3 fid bid
           1.2644765200000001e+00   1.5080000000000002e+01   5.3922505200000002e+00 #xyz tv0
           1.1714829250000001e+00   1.5080000000000002e+01   5.6167569250000007e+00 #xyz tv1
           5.8666350000000000e-01   1.5080000000000002e+01   5.2430039800000001e+00 37 -1 #xyz tv2 fid bid
           1.6107414625000001e+00   1.5080000000000000e+01   5.3083784625000021e+00 #xyz tv0
           1.1714829250000001e+00   1.5080000000000002e+01   5.6167569250000007e+00 #xyz tv1
           1.2644765200000001e+00   1.5080000000000002e+01   5.3922505200000002e+00 37 -1 #xyz tv2 fid bid
           1.2644765200000001e+00   1.5080000000000002e+01   5.3922505200000002e+00 #xyz ev0
           1.1714829250000001e+00   1.5080000000000002e+01   5.6167569250000007e+00 -1 34 #xyz ev1 fid bid
   0   0.000000000000e+00   0.000000000000e+00   0.000000000000e+00 #flag location
END_ERR 
G3dErrFileVersion 2018P3.1
FlagFileMetaData Begin
   Mesh Size - Part2, Refinement, Pass #3, Freq. 1.030000e+10 :Title    
   Listing of mesh elements with small segments. :ToolTip  
   hf3d :Author   
   1637662314 :TimeStamp
FlagFileMetaData End
BEGIN_ERR 
26 Small mesh segment detected on body : CoaxSubstrate
 Small mesh segment detected on body : CoaxSubstrate 
 Segment Statistics - Number of Segments : 1 --- Segment length(s) : 0.243004mm. The cutoff frequency for S-Matrix Only Solve is 5.99584916MHz 
2 -1  37  # nfids, fids[]
2 34  -1  # nbids, bids[]
      5 2 1 0 #ntets ntri ned npts
           1.6107414625000001e+00   1.5080000000000000e+01   5.3083784625000030e+00 #xyz tv0
           1.1676527316340981e+00   1.3554089201339769e+01   5.6703897228122608e+00 #xyz tv1
           1.2644765200000001e+00   1.5080000000000002e+01   5.3922505200000002e+00 #xyz tv2
           1.1714829250000001e+00   1.5080000000000002e+01   5.6167569250000007e+00 -1 34 #xyz tv3 fid bid
           1.2644765200000001e+00   1.5080000000000002e+01   5.3922505200000002e+00 #xyz tv0
           1.1676527316340981e+00   1.3554089201339769e+01   5.6703897228122608e+00 #xyz tv1
           4.4901280999999998e-01   1.4491964999999999e+01   5.4490128100000002e+00 #xyz tv2
           1.1714829250000001e+00   1.5080000000000002e+01   5.6167569250000007e+00 -1 34 #xyz tv3 fid bid
           1.1714829250000001e+00   1.5080000000000002e+01   5.6167569250000007e+00 #xyz tv0
           1.6107414625000001e+00   1.5080000000000000e+01   5.3083784625000030e+00 #xyz tv1
           2.2107295844353692e+00   1.6631204737646691e+01   6.5541741695762301e+00 #xyz tv2
           1.2644765200000001e+00   1.5080000000000002e+01   5.3922505200000002e+00 -1 34 #xyz tv3 fid bid
           1.2644765200000001e+00   1.5080000000000002e+01   5.3922505200000002e+00 #xyz tv0
           4.4901280999999998e-01   1.4491964999999999e+01   5.4490128100000002e+00 #xyz tv1
           5.8666350000000000e-01   1.5080000000000002e+01   5.2430039800000001e+00 #xyz tv2
           1.1714829250000001e+00   1.5080000000000002e+01   5.6167569250000007e+00 -1 34 #xyz tv3 fid bid
           1.1714829250000001e+00   1.5080000000000002e+01   5.6167569250000007e+00 #xyz tv0
           1.2644765200000001e+00   1.5080000000000002e+01   5.3922505200000002e+00 #xyz tv1
           2.2107295844353692e+00   1.6631204737646691e+01   6.5541741695762301e+00 #xyz tv2
           5.8666350000000000e-01   1.5080000000000002e+01   5.2430039800000001e+00 -1 34 #xyz tv3 fid bid
           1.2644765200000001e+00   1.5080000000000002e+01   5.3922505200000002e+00 #xyz tv0
           1.1714829250000001e+00   1.5080000000000002e+01   5.6167569250000007e+00 #xyz tv1
           5.8666350000000000e-01   1.5080000000000002e+01   5.2430039800000001e+00 37 -1 #xyz tv2 fid bid
           1.6107414625000001e+00   1.5080000000000000e+01   5.3083784625000030e+00 #xyz tv0
           1.1714829250000001e+00   1.5080000000000002e+01   5.6167569250000007e+00 #xyz tv1
           1.2644765200000001e+00   1.5080000000000002e+01   5.3922505200000002e+00 37 -1 #xyz tv2 fid bid
           1.2644765200000001e+00   1.5080000000000002e+01   5.3922505200000002e+00 #xyz ev0
           1.1714829250000001e+00   1.5080000000000002e+01   5.6167569250000007e+00 -1 34 #xyz ev1 fid bid
   0   0.000000000000e+00   0.000000000000e+00   0.000000000000e+00 #flag location
END_ERR 
G3dErrFileVersion 2018P3.1
FlagFileMetaData Begin
   Mesh Size - Part2, Refinement, Pass #3, Freq. 1.030000e+10 :Title    
   Listing of mesh elements with small segments. :ToolTip  
   hf3d :Author   
   1637662386 :TimeStamp
FlagFileMetaData End
BEGIN_ERR 
26 Small mesh segment detected on body : CoaxSubstrate
 Small mesh segment detected on body : CoaxSubstrate 
 Segment Statistics - Number of Segments : 1 --- Segment length(s) : 0.243004mm. The cutoff frequency for S-Matrix Only Solve is 5.99584916MHz 
2 -1  37  # nfids, fids[]
2 34  -1  # nbids, bids[]
      5 2 1 0 #ntets ntri ned npts
           1.6107414625000001e+00   1.5080000000000000e+01   5.3083784625000030e+00 #xyz tv0
           1.1676527316340981e+00   1.3554089201339769e+01   5.6703897228122608e+00 #xyz tv1
           1.2644765200000001e+00   1.5080000000000002e+01   5.3922505200000002e+00 #xyz tv2
           1.1714829250000001e+00   1.5080000000000002e+01   5.6167569250000007e+00 -1 34 #xyz tv3 fid bid
           1.2644765200000001e+00   1.5080000000000002e+01   5.3922505200000002e+00 #xyz tv0
           1.1676527316340981e+00   1.3554089201339769e+01   5.6703897228122608e+00 #xyz tv1
           4.4901280999999998e-01   1.4491964999999999e+01   5.4490128100000002e+00 #xyz tv2
           1.1714829250000001e+00   1.5080000000000002e+01   5.6167569250000007e+00 -1 34 #xyz tv3 fid bid
           1.1714829250000001e+00   1.5080000000000002e+01   5.6167569250000007e+00 #xyz tv0
           1.6107414625000001e+00   1.5080000000000000e+01   5.3083784625000030e+00 #xyz tv1
           2.2107295844353692e+00   1.6631204737646691e+01   6.5541741695762301e+00 #xyz tv2
           1.2644765200000001e+00   1.5080000000000002e+01   5.3922505200000002e+00 -1 34 #xyz tv3 fid bid
           1.2644765200000001e+00   1.5080000000000002e+01   5.3922505200000002e+00 #xyz tv0
           4.4901280999999998e-01   1.4491964999999999e+01   5.4490128100000002e+00 #xyz tv1
           5.8666350000000000e-01   1.5080000000000002e+01   5.2430039800000001e+00 #xyz tv2
           1.1714829250000001e+00   1.5080000000000002e+01   5.6167569250000007e+00 -1 34 #xyz tv3 fid bid
           1.1714829250000001e+00   1.5080000000000002e+01   5.6167569250000007e+00 #xyz tv0
           1.2644765200000001e+00   1.5080000000000002e+01   5.3922505200000002e+00 #xyz tv1
           2.2107295844353692e+00   1.6631204737646691e+01   6.5541741695762301e+00 #xyz tv2
           5.8666350000000000e-01   1.5080000000000002e+01   5.2430039800000001e+00 -1 34 #xyz tv3 fid bid
           1.2644765200000001e+00   1.5080000000000002e+01   5.3922505200000002e+00 #xyz tv0
           1.1714829250000001e+00   1.5080000000000002e+01   5.6167569250000007e+00 #xyz tv1
           5.8666350000000000e-01   1.5080000000000002e+01   5.2430039800000001e+00 37 -1 #xyz tv2 fid bid
           1.6107414625000001e+00   1.5080000000000000e+01   5.3083784625000030e+00 #xyz tv0
           1.1714829250000001e+00   1.5080000000000002e+01   5.6167569250000007e+00 #xyz tv1
           1.2644765200000001e+00   1.5080000000000002e+01   5.3922505200000002e+00 37 -1 #xyz tv2 fid bid
           1.2644765200000001e+00   1.5080000000000002e+01   5.3922505200000002e+00 #xyz ev0
           1.1714829250000001e+00   1.5080000000000002e+01   5.6167569250000007e+00 -1 34 #xyz ev1 fid bid
   0   0.000000000000e+00   0.000000000000e+00   0.000000000000e+00 #flag location
END_ERR 
G3dErrFileVersion 2018P3.1
FlagFileMetaData Begin
   Mesh Size - Part2, Refinement, Pass #1, Freq. 8.200000e+09 :Title    
   Listing of mesh elements with small segments. :ToolTip  
   hf3d :Author   
   1637663791 :TimeStamp
FlagFileMetaData End
BEGIN_ERR 
26 Small mesh segment detected on body : CoaxSubstrate
 Small mesh segment detected on body : CoaxSubstrate 
 Segment Statistics - Number of Segments : 1 --- Segment length(s) : 0.123882mm. The cutoff frequency for S-Matrix Only Solve is 5.99584916MHz 
2 -1  37  # nfids, fids[]
2 34  -1  # nbids, bids[]
      4 2 1 0 #ntets ntri ned npts
          -1.2403082700000001e+00   1.5080000000000002e+01   5.5137525099999998e+00 #xyz tv0
          -5.8666350000000000e-01   1.4247164665800302e+01   5.2430039800000001e+00 #xyz tv1
          -1.2644765200000001e+00   1.5080000000000002e+01   5.3922505200000002e+00 #xyz tv2
          -1.8939530400000002e+00   1.5080000000000002e+01   5.7845010400000003e+00 -1 34 #xyz tv3 fid bid
          -1.2403082700000001e+00   1.5080000000000002e+01   5.5137525099999998e+00 #xyz tv0
          -1.2644765200000001e+00   1.5080000000000002e+01   5.3922505200000002e+00 #xyz tv1
          -4.6556640624999996e+00   1.6556445312500003e+01   4.3449218750000007e+00 #xyz tv2
          -1.8939530400000002e+00   1.5080000000000002e+01   5.7845010400000003e+00 -1 34 #xyz tv3 fid bid
          -1.2403082700000001e+00   1.5080000000000002e+01   5.5137525099999998e+00 #xyz tv0
          -4.6556640624999996e+00   1.6556445312500003e+01   4.3449218750000007e+00 #xyz tv1
          -1.2644765200000001e+00   1.5080000000000002e+01   5.3922505200000002e+00 #xyz tv2
          -5.8666350000000000e-01   1.5080000000000002e+01   5.2430039800000001e+00 -1 34 #xyz tv3 fid bid
          -1.2403082700000001e+00   1.5080000000000002e+01   5.5137525099999998e+00 #xyz tv0
          -1.2644765200000001e+00   1.5080000000000002e+01   5.3922505200000002e+00 #xyz tv1
          -5.8666350000000000e-01   1.4247164665800302e+01   5.2430039800000001e+00 #xyz tv2
          -5.8666350000000000e-01   1.5080000000000002e+01   5.2430039800000001e+00 -1 34 #xyz tv3 fid bid
          -5.8666350000000000e-01   1.5080000000000002e+01   5.2430039800000001e+00 #xyz tv0
          -1.2403082700000001e+00   1.5080000000000002e+01   5.5137525099999998e+00 #xyz tv1
          -1.2644765200000001e+00   1.5080000000000002e+01   5.3922505200000002e+00 37 -1 #xyz tv2 fid bid
          -1.2403082700000001e+00   1.5080000000000002e+01   5.5137525099999998e+00 #xyz tv0
          -1.8939530400000002e+00   1.5080000000000002e+01   5.7845010400000003e+00 #xyz tv1
          -1.2644765200000001e+00   1.5080000000000002e+01   5.3922505200000002e+00 37 -1 #xyz tv2 fid bid
          -1.2403082700000001e+00   1.5080000000000002e+01   5.5137525099999998e+00 #xyz ev0
          -1.2644765200000001e+00   1.5080000000000002e+01   5.3922505200000002e+00 -1 34 #xyz ev1 fid bid
   0   0.000000000000e+00   0.000000000000e+00   0.000000000000e+00 #flag location
END_ERR 
G3dErrFileVersion 2018P3.1
FlagFileMetaData Begin
   Mesh Size - Part2, Refinement, Pass #1, Freq. 1.030000e+10 :Title    
   Listing of mesh elements with small segments. :ToolTip  
   hf3d :Author   
   1637663792 :TimeStamp
FlagFileMetaData End
BEGIN_ERR 
26 Small mesh segment detected on body : CoaxSubstrate
 Small mesh segment detected on body : CoaxSubstrate 
 Segment Statistics - Number of Segments : 1 --- Segment length(s) : 0.123882mm. The cutoff frequency for S-Matrix Only Solve is 5.99584916MHz 
2 -1  37  # nfids, fids[]
2 34  -1  # nbids, bids[]
      4 2 1 0 #ntets ntri ned npts
          -1.2403082700000001e+00   1.5080000000000002e+01   5.5137525099999998e+00 #xyz tv0
          -5.8666350000000000e-01   1.4247164665800302e+01   5.2430039800000001e+00 #xyz tv1
          -1.2644765200000001e+00   1.5080000000000002e+01   5.3922505200000002e+00 #xyz tv2
          -1.8939530400000002e+00   1.5080000000000002e+01   5.7845010400000003e+00 -1 34 #xyz tv3 fid bid
          -1.2403082700000001e+00   1.5080000000000002e+01   5.5137525099999998e+00 #xyz tv0
          -1.2644765200000001e+00   1.5080000000000002e+01   5.3922505200000002e+00 #xyz tv1
          -4.6556640624999996e+00   1.6556445312500003e+01   4.3449218750000007e+00 #xyz tv2
          -1.8939530400000002e+00   1.5080000000000002e+01   5.7845010400000003e+00 -1 34 #xyz tv3 fid bid
          -1.2403082700000001e+00   1.5080000000000002e+01   5.5137525099999998e+00 #xyz tv0
          -4.6556640624999996e+00   1.6556445312500003e+01   4.3449218750000007e+00 #xyz tv1
          -1.2644765200000001e+00   1.5080000000000002e+01   5.3922505200000002e+00 #xyz tv2
          -5.8666350000000000e-01   1.5080000000000002e+01   5.2430039800000001e+00 -1 34 #xyz tv3 fid bid
          -1.2403082700000001e+00   1.5080000000000002e+01   5.5137525099999998e+00 #xyz tv0
          -1.2644765200000001e+00   1.5080000000000002e+01   5.3922505200000002e+00 #xyz tv1
          -5.8666350000000000e-01   1.4247164665800302e+01   5.2430039800000001e+00 #xyz tv2
          -5.8666350000000000e-01   1.5080000000000002e+01   5.2430039800000001e+00 -1 34 #xyz tv3 fid bid
          -5.8666350000000000e-01   1.5080000000000002e+01   5.2430039800000001e+00 #xyz tv0
          -1.2403082700000001e+00   1.5080000000000002e+01   5.5137525099999998e+00 #xyz tv1
          -1.2644765200000001e+00   1.5080000000000002e+01   5.3922505200000002e+00 37 -1 #xyz tv2 fid bid
          -1.2403082700000001e+00   1.5080000000000002e+01   5.5137525099999998e+00 #xyz tv0
          -1.8939530400000002e+00   1.5080000000000002e+01   5.7845010400000003e+00 #xyz tv1
          -1.2644765200000001e+00   1.5080000000000002e+01   5.3922505200000002e+00 37 -1 #xyz tv2 fid bid
          -1.2403082700000001e+00   1.5080000000000002e+01   5.5137525099999998e+00 #xyz ev0
          -1.2644765200000001e+00   1.5080000000000002e+01   5.3922505200000002e+00 -1 34 #xyz ev1 fid bid
   0   0.000000000000e+00   0.000000000000e+00   0.000000000000e+00 #flag location
END_ERR 
G3dErrFileVersion 2018P3.1
FlagFileMetaData Begin
   Mesh Size - Part2, Refinement, Pass #2, Freq. 1.030000e+10 :Title    
   Listing of mesh elements with small segments. :ToolTip  
   hf3d :Author   
   1637663794 :TimeStamp
FlagFileMetaData End
BEGIN_ERR 
26 Small mesh segment detected on body : CoaxSubstrate
 Small mesh segment detected on body : CoaxSubstrate 
 Segment Statistics - Number of Segments : 1 --- Segment length(s) : 0.243004mm. The cutoff frequency for S-Matrix Only Solve is 5.99584916MHz 
2 -1  37  # nfids, fids[]
2 34  -1  # nbids, bids[]
      5 2 1 0 #ntets ntri ned npts
           1.6107414625000001e+00   1.5080000000000000e+01   5.3083784625000021e+00 #xyz tv0
           1.1676527316340981e+00   1.3554089201339769e+01   5.6703897228122608e+00 #xyz tv1
           1.2644765200000001e+00   1.5080000000000002e+01   5.3922505200000002e+00 #xyz tv2
           1.1714829250000001e+00   1.5080000000000002e+01   5.6167569250000007e+00 -1 34 #xyz tv3 fid bid
           1.2644765200000001e+00   1.5080000000000002e+01   5.3922505200000002e+00 #xyz tv0
           1.1676527316340981e+00   1.3554089201339769e+01   5.6703897228122608e+00 #xyz tv1
           4.4901280999999998e-01   1.4491964999999999e+01   5.4490128100000002e+00 #xyz tv2
           1.1714829250000001e+00   1.5080000000000002e+01   5.6167569250000007e+00 -1 34 #xyz tv3 fid bid
           1.1714829250000001e+00   1.5080000000000002e+01   5.6167569250000007e+00 #xyz tv0
           1.6107414625000001e+00   1.5080000000000000e+01   5.3083784625000021e+00 #xyz tv1
           2.2107295844353692e+00   1.6631204737646691e+01   6.5541741695762301e+00 #xyz tv2
           1.2644765200000001e+00   1.5080000000000002e+01   5.3922505200000002e+00 -1 34 #xyz tv3 fid bid
           1.2644765200000001e+00   1.5080000000000002e+01   5.3922505200000002e+00 #xyz tv0
           4.4901280999999998e-01   1.4491964999999999e+01   5.4490128100000002e+00 #xyz tv1
           5.8666350000000000e-01   1.5080000000000002e+01   5.2430039800000001e+00 #xyz tv2
           1.1714829250000001e+00   1.5080000000000002e+01   5.6167569250000007e+00 -1 34 #xyz tv3 fid bid
           1.1714829250000001e+00   1.5080000000000002e+01   5.6167569250000007e+00 #xyz tv0
           1.2644765200000001e+00   1.5080000000000002e+01   5.3922505200000002e+00 #xyz tv1
           2.2107295844353692e+00   1.6631204737646691e+01   6.5541741695762301e+00 #xyz tv2
           5.8666350000000000e-01   1.5080000000000002e+01   5.2430039800000001e+00 -1 34 #xyz tv3 fid bid
           1.2644765200000001e+00   1.5080000000000002e+01   5.3922505200000002e+00 #xyz tv0
           1.1714829250000001e+00   1.5080000000000002e+01   5.6167569250000007e+00 #xyz tv1
           5.8666350000000000e-01   1.5080000000000002e+01   5.2430039800000001e+00 37 -1 #xyz tv2 fid bid
           1.6107414625000001e+00   1.5080000000000000e+01   5.3083784625000021e+00 #xyz tv0
           1.1714829250000001e+00   1.5080000000000002e+01   5.6167569250000007e+00 #xyz tv1
           1.2644765200000001e+00   1.5080000000000002e+01   5.3922505200000002e+00 37 -1 #xyz tv2 fid bid
           1.2644765200000001e+00   1.5080000000000002e+01   5.3922505200000002e+00 #xyz ev0
           1.1714829250000001e+00   1.5080000000000002e+01   5.6167569250000007e+00 -1 34 #xyz ev1 fid bid
   0   0.000000000000e+00   0.000000000000e+00   0.000000000000e+00 #flag location
END_ERR 
G3dErrFileVersion 2018P3.1
FlagFileMetaData Begin
   Mesh Size - Part2, Refinement, Pass #3, Freq. 1.030000e+10 :Title    
   Listing of mesh elements with small segments. :ToolTip  
   hf3d :Author   
   1637663796 :TimeStamp
FlagFileMetaData End
BEGIN_ERR 
26 Small mesh segment detected on body : CoaxSubstrate
 Small mesh segment detected on body : CoaxSubstrate 
 Segment Statistics - Number of Segments : 1 --- Segment length(s) : 0.243004mm. The cutoff frequency for S-Matrix Only Solve is 5.99584916MHz 
2 -1  37  # nfids, fids[]
2 34  -1  # nbids, bids[]
      5 2 1 0 #ntets ntri ned npts
           1.6107414625000001e+00   1.5080000000000000e+01   5.3083784625000030e+00 #xyz tv0
           1.1676527316340981e+00   1.3554089201339769e+01   5.6703897228122608e+00 #xyz tv1
           1.2644765200000001e+00   1.5080000000000002e+01   5.3922505200000002e+00 #xyz tv2
           1.1714829250000001e+00   1.5080000000000002e+01   5.6167569250000007e+00 -1 34 #xyz tv3 fid bid
           1.2644765200000001e+00   1.5080000000000002e+01   5.3922505200000002e+00 #xyz tv0
           1.1676527316340981e+00   1.3554089201339769e+01   5.6703897228122608e+00 #xyz tv1
           4.4901280999999998e-01   1.4491964999999999e+01   5.4490128100000002e+00 #xyz tv2
           1.1714829250000001e+00   1.5080000000000002e+01   5.6167569250000007e+00 -1 34 #xyz tv3 fid bid
           1.1714829250000001e+00   1.5080000000000002e+01   5.6167569250000007e+00 #xyz tv0
           1.6107414625000001e+00   1.5080000000000000e+01   5.3083784625000030e+00 #xyz tv1
           2.2107295844353692e+00   1.6631204737646691e+01   6.5541741695762301e+00 #xyz tv2
           1.2644765200000001e+00   1.5080000000000002e+01   5.3922505200000002e+00 -1 34 #xyz tv3 fid bid
           1.2644765200000001e+00   1.5080000000000002e+01   5.3922505200000002e+00 #xyz tv0
           4.4901280999999998e-01   1.4491964999999999e+01   5.4490128100000002e+00 #xyz tv1
           5.8666350000000000e-01   1.5080000000000002e+01   5.2430039800000001e+00 #xyz tv2
           1.1714829250000001e+00   1.5080000000000002e+01   5.6167569250000007e+00 -1 34 #xyz tv3 fid bid
           1.1714829250000001e+00   1.5080000000000002e+01   5.6167569250000007e+00 #xyz tv0
           1.2644765200000001e+00   1.5080000000000002e+01   5.3922505200000002e+00 #xyz tv1
           2.2107295844353692e+00   1.6631204737646691e+01   6.5541741695762301e+00 #xyz tv2
           5.8666350000000000e-01   1.5080000000000002e+01   5.2430039800000001e+00 -1 34 #xyz tv3 fid bid
           1.2644765200000001e+00   1.5080000000000002e+01   5.3922505200000002e+00 #xyz tv0
           1.1714829250000001e+00   1.5080000000000002e+01   5.6167569250000007e+00 #xyz tv1
           5.8666350000000000e-01   1.5080000000000002e+01   5.2430039800000001e+00 37 -1 #xyz tv2 fid bid
           1.6107414625000001e+00   1.5080000000000000e+01   5.3083784625000030e+00 #xyz tv0
           1.1714829250000001e+00   1.5080000000000002e+01   5.6167569250000007e+00 #xyz tv1
           1.2644765200000001e+00   1.5080000000000002e+01   5.3922505200000002e+00 37 -1 #xyz tv2 fid bid
           1.2644765200000001e+00   1.5080000000000002e+01   5.3922505200000002e+00 #xyz ev0
           1.1714829250000001e+00   1.5080000000000002e+01   5.6167569250000007e+00 -1 34 #xyz ev1 fid bid
   0   0.000000000000e+00   0.000000000000e+00   0.000000000000e+00 #flag location
END_ERR 
G3dErrFileVersion 2018P3.1
FlagFileMetaData Begin
   Mesh Size - Part2, Refinement, Pass #1, Freq. 8.200000e+09 :Title    
   Listing of mesh elements with small segments. :ToolTip  
   hf3d :Author   
   1637663818 :TimeStamp
FlagFileMetaData End
BEGIN_ERR 
26 Small mesh segment detected on body : CoaxSubstrate
 Small mesh segment detected on body : CoaxSubstrate 
 Segment Statistics - Number of Segments : 1 --- Segment length(s) : 0.123882mm. The cutoff frequency for S-Matrix Only Solve is 5.99584916MHz 
2 -1  37  # nfids, fids[]
2 34  -1  # nbids, bids[]
      5 2 1 0 #ntets ntri ned npts
           9.4697652000000010e-01   1.5080000000000002e+01   1.9373083050000006e+00 #xyz tv0
           7.8450103999999998e-01   1.3847640000000000e+01   7.5310577999999995e-01 #xyz tv1
           1.0684785100000000e+00   1.5080000000000002e+01   1.9614765550000006e+00 #xyz tv2
           9.4697652000000010e-01   1.5080000000000002e+01   1.2298083050000006e+00 -1 34 #xyz tv3 fid bid
           9.4697652000000010e-01   1.5080000000000002e+01   1.9373083050000006e+00 #xyz tv0
           1.0684785100000000e+00   1.5080000000000002e+01   1.9614765550000006e+00 #xyz tv1
           7.8450103999999998e-01   1.3847640000000000e+01   7.5310577999999995e-01 #xyz tv2
           0.0000000000000000e+00   1.4453124999999996e+01   2.0120588200000000e+00 -1 34 #xyz tv3 fid bid
           9.4697652000000010e-01   1.5080000000000002e+01   1.2298083050000006e+00 #xyz tv0
           9.4697652000000010e-01   1.5080000000000002e+01   1.9373083050000006e+00 #xyz tv1
           2.4105468749999996e+00   1.6296484374999999e+01   3.2105468750000004e+00 #xyz tv2
           1.0684785100000000e+00   1.5080000000000002e+01   1.9614765550000006e+00 -1 34 #xyz tv3 fid bid
           1.0684785100000000e+00   1.5080000000000002e+01   1.9614765550000006e+00 #xyz tv0
           0.0000000000000000e+00   1.4453124999999996e+01   2.0120588200000000e+00 #xyz tv1
           9.4697652000000010e-01   1.5080000000000002e+01   1.9373083050000006e+00 #xyz tv2
           2.4300398000000001e-01   1.5080000000000002e+01   2.0603953200000000e+00 -1 34 #xyz tv3 fid bid
           1.0684785100000000e+00   1.5080000000000002e+01   1.9614765550000006e+00 #xyz tv0
           9.4697652000000010e-01   1.5080000000000002e+01   1.9373083050000006e+00 #xyz tv1
           2.4105468749999996e+00   1.6296484374999999e+01   3.2105468750000004e+00 #xyz tv2
           2.4300398000000001e-01   1.5080000000000002e+01   2.0603953200000000e+00 -1 34 #xyz tv3 fid bid
           1.0684785100000000e+00   1.5080000000000002e+01   1.9614765550000006e+00 #xyz tv0
           2.4300398000000001e-01   1.5080000000000002e+01   2.0603953200000000e+00 #xyz tv1
           9.4697652000000010e-01   1.5080000000000002e+01   1.9373083050000006e+00 37 -1 #xyz tv2 fid bid
           9.4697652000000010e-01   1.5080000000000002e+01   1.9373083050000006e+00 #xyz tv0
           9.4697652000000010e-01   1.5080000000000002e+01   1.2298083050000006e+00 #xyz tv1
           1.0684785100000000e+00   1.5080000000000002e+01   1.9614765550000006e+00 37 -1 #xyz tv2 fid bid
           9.4697652000000010e-01   1.5080000000000002e+01   1.9373083050000006e+00 #xyz ev0
           1.0684785100000000e+00   1.5080000000000002e+01   1.9614765550000006e+00 -1 34 #xyz ev1 fid bid
   0   0.000000000000e+00   0.000000000000e+00   0.000000000000e+00 #flag location
END_ERR 
G3dErrFileVersion 2018P3.1
FlagFileMetaData Begin
   Mesh Size - Part2, Refinement, Pass #1, Freq. 1.030000e+10 :Title    
   Listing of mesh elements with small segments. :ToolTip  
   hf3d :Author   
   1637663819 :TimeStamp
FlagFileMetaData End
BEGIN_ERR 
26 Small mesh segment detected on body : CoaxSubstrate
 Small mesh segment detected on body : CoaxSubstrate 
 Segment Statistics - Number of Segments : 1 --- Segment length(s) : 0.123882mm. The cutoff frequency for S-Matrix Only Solve is 5.99584916MHz 
2 -1  37  # nfids, fids[]
2 34  -1  # nbids, bids[]
      5 2 1 0 #ntets ntri ned npts
           9.4697652000000010e-01   1.5080000000000002e+01   1.9373083050000006e+00 #xyz tv0
           7.8450103999999998e-01   1.3847640000000000e+01   7.5310577999999995e-01 #xyz tv1
           1.0684785100000000e+00   1.5080000000000002e+01   1.9614765550000006e+00 #xyz tv2
           9.4697652000000010e-01   1.5080000000000002e+01   1.2298083050000006e+00 -1 34 #xyz tv3 fid bid
           9.4697652000000010e-01   1.5080000000000002e+01   1.9373083050000006e+00 #xyz tv0
           1.0684785100000000e+00   1.5080000000000002e+01   1.9614765550000006e+00 #xyz tv1
           7.8450103999999998e-01   1.3847640000000000e+01   7.5310577999999995e-01 #xyz tv2
           0.0000000000000000e+00   1.4453124999999996e+01   2.0120588200000000e+00 -1 34 #xyz tv3 fid bid
           9.4697652000000010e-01   1.5080000000000002e+01   1.2298083050000006e+00 #xyz tv0
           9.4697652000000010e-01   1.5080000000000002e+01   1.9373083050000006e+00 #xyz tv1
           2.4105468749999996e+00   1.6296484374999999e+01   3.2105468750000004e+00 #xyz tv2
           1.0684785100000000e+00   1.5080000000000002e+01   1.9614765550000006e+00 -1 34 #xyz tv3 fid bid
           1.0684785100000000e+00   1.5080000000000002e+01   1.9614765550000006e+00 #xyz tv0
           0.0000000000000000e+00   1.4453124999999996e+01   2.0120588200000000e+00 #xyz tv1
           9.4697652000000010e-01   1.5080000000000002e+01   1.9373083050000006e+00 #xyz tv2
           2.4300398000000001e-01   1.5080000000000002e+01   2.0603953200000000e+00 -1 34 #xyz tv3 fid bid
           1.0684785100000000e+00   1.5080000000000002e+01   1.9614765550000006e+00 #xyz tv0
           9.4697652000000010e-01   1.5080000000000002e+01   1.9373083050000006e+00 #xyz tv1
           2.4105468749999996e+00   1.6296484374999999e+01   3.2105468750000004e+00 #xyz tv2
           2.4300398000000001e-01   1.5080000000000002e+01   2.0603953200000000e+00 -1 34 #xyz tv3 fid bid
           1.0684785100000000e+00   1.5080000000000002e+01   1.9614765550000006e+00 #xyz tv0
           2.4300398000000001e-01   1.5080000000000002e+01   2.0603953200000000e+00 #xyz tv1
           9.4697652000000010e-01   1.5080000000000002e+01   1.9373083050000006e+00 37 -1 #xyz tv2 fid bid
           9.4697652000000010e-01   1.5080000000000002e+01   1.9373083050000006e+00 #xyz tv0
           9.4697652000000010e-01   1.5080000000000002e+01   1.2298083050000006e+00 #xyz tv1
           1.0684785100000000e+00   1.5080000000000002e+01   1.9614765550000006e+00 37 -1 #xyz tv2 fid bid
           9.4697652000000010e-01   1.5080000000000002e+01   1.9373083050000006e+00 #xyz ev0
           1.0684785100000000e+00   1.5080000000000002e+01   1.9614765550000006e+00 -1 34 #xyz ev1 fid bid
   0   0.000000000000e+00   0.000000000000e+00   0.000000000000e+00 #flag location
END_ERR 
G3dErrFileVersion 2018P3.1
FlagFileMetaData Begin
   Mesh Size - Part2, Refinement, Pass #2, Freq. 1.030000e+10 :Title    
   Listing of mesh elements with small segments. :ToolTip  
   hf3d :Author   
   1637663821 :TimeStamp
FlagFileMetaData End
BEGIN_ERR 
26 Small mesh segment detected on body : CoaxSubstrate
 Small mesh segment detected on body : CoaxSubstrate 
 Segment Statistics - Number of Segments : 1 --- Segment length(s) : 0.123882mm. The cutoff frequency for S-Matrix Only Solve is 5.99584916MHz 
2 -1  37  # nfids, fids[]
2 34  -1  # nbids, bids[]
      5 2 1 0 #ntets ntri ned npts
          -7.8450103999999998e-01   1.3567821141435099e+01   7.5310577999999995e-01 #xyz tv0
          -5.1375251000000000e-01   1.5080000000000002e+01   1.4067505499999999e+00 #xyz tv1
          -1.9612526000000000e-01   1.5080000000000002e+01   9.8982055999999996e-01 #xyz tv2
          -3.9225051999999999e-01   1.5080000000000002e+01   1.3825822999999999e+00 -1 34 #xyz tv3 fid bid
          -5.1375251000000000e-01   1.5080000000000002e+01   1.4067505499999999e+00 #xyz tv0
           1.9972621214111846e-01   1.5965002791634438e+01   3.7635277207599394e-01 #xyz tv1
          -1.9612526000000000e-01   1.5080000000000002e+01   9.8982055999999996e-01 #xyz tv2
          -3.9225051999999999e-01   1.5080000000000002e+01   1.3825822999999999e+00 -1 34 #xyz tv3 fid bid
          -3.9225051999999999e-01   1.5080000000000002e+01   1.3825822999999999e+00 #xyz tv0
          -7.8450103999999998e-01   1.3567821141435099e+01   7.5310577999999995e-01 #xyz tv1
          -5.1375251000000000e-01   1.5080000000000002e+01   1.4067505499999999e+00 #xyz tv2
          -5.1049833142857137e-01   1.4455100061241382e+01   1.7345380998809530e+00 -1 34 #xyz tv3 fid bid
          -5.1375251000000000e-01   1.5080000000000002e+01   1.4067505499999999e+00 #xyz tv0
           1.9972621214111846e-01   1.5965002791634438e+01   3.7635277207599394e-01 #xyz tv1
          -3.9225051999999999e-01   1.5080000000000002e+01   1.3825822999999999e+00 #xyz tv2
          -2.4300398000000001e-01   1.5080000000000002e+01   2.0603953200000000e+00 -1 34 #xyz tv3 fid bid
          -5.1375251000000000e-01   1.5080000000000002e+01   1.4067505499999999e+00 #xyz tv0
          -3.9225051999999999e-01   1.5080000000000002e+01   1.3825822999999999e+00 #xyz tv1
          -5.1049833142857137e-01   1.4455100061241382e+01   1.7345380998809530e+00 #xyz tv2
          -2.4300398000000001e-01   1.5080000000000002e+01   2.0603953200000000e+00 -1 34 #xyz tv3 fid bid
          -2.4300398000000001e-01   1.5080000000000002e+01   2.0603953200000000e+00 #xyz tv0
          -5.1375251000000000e-01   1.5080000000000002e+01   1.4067505499999999e+00 #xyz tv1
          -3.9225051999999999e-01   1.5080000000000002e+01   1.3825822999999999e+00 37 -1 #xyz tv2 fid bid
          -5.1375251000000000e-01   1.5080000000000002e+01   1.4067505499999999e+00 #xyz tv0
          -1.9612526000000000e-01   1.5080000000000002e+01   9.8982055999999996e-01 #xyz tv1
          -3.9225051999999999e-01   1.5080000000000002e+01   1.3825822999999999e+00 37 -1 #xyz tv2 fid bid
          -5.1375251000000000e-01   1.5080000000000002e+01   1.4067505499999999e+00 #xyz ev0
          -3.9225051999999999e-01   1.5080000000000002e+01   1.3825822999999999e+00 -1 34 #xyz ev1 fid bid
   0   0.000000000000e+00   0.000000000000e+00   0.000000000000e+00 #flag location
END_ERR 
G3dErrFileVersion 2018P3.1
FlagFileMetaData Begin
   Mesh Size - Part2, Refinement, Pass #3, Freq. 1.030000e+10 :Title    
   Listing of mesh elements with small segments. :ToolTip  
   hf3d :Author   
   1637663823 :TimeStamp
FlagFileMetaData End
BEGIN_ERR 
26 Small mesh segment detected on body : CoaxSubstrate
 Small mesh segment detected on body : CoaxSubstrate 
 Segment Statistics - Number of Segments : 1 --- Segment length(s) : 0.123882mm. The cutoff frequency for S-Matrix Only Solve is 5.99584916MHz 
2 -1  37  # nfids, fids[]
2 34  -1  # nbids, bids[]
      5 2 1 0 #ntets ntri ned npts
